	RF Time	For Pwr (W) 	Refl Pwr (W)	Cycles Remaining	Recipe	Loop
	 1.5	 0.0	 0.0	100		
	 4.5	 0.0	 0.0	100		
	 7.5	 0.0	 0.0	100		
	10.5	 0.0	 0.0	100		
	13.5	 0.0	 0.0	100		
	16.5	 0.0	 0.0	100		
	19.5	 0.0	 0.0	100		
	22.5	 0.0	 0.0	100		
	25.5	 0.0	 0.0	100		
	28.5	 0.0	 0.0	100		
	31.5	 0.0	 0.0	100		
	34.5	 0.0	 0.0	100		
	37.5	 0.0	 0.0	100		
	40.5	 0.0	 0.0	100		
	43.5	 0.0	 0.0	100		
	46.5	 0.0	 0.0	100		
	49.5	 0.0	 0.0	100		
	52.5	 0.0	 0.0	100		
	55.5	 0.0	 0.0	100		
	58.5	 0.0	 0.0	100		
	61.5	 0.0	 0.0	100		
	64.5	 0.0	 0.0	100		
	67.5	 0.0	 0.0	100		
	70.5	 0.0	 0.0	100		
	73.5	 0.0	 0.0	100		
	76.5	300.0	 0.0	100		
	79.5	300.0	 0.0	100		
	82.5	300.0	 0.0	100		
	85.5	300.0	 0.0	100		
	88.5	300.0	 0.0	100		
	91.5	300.0	 0.0	100		
	94.5	300.0	 0.0	100		
	97.5	 0.0	 0.0	100		
	100.5	 0.0	 0.0	99		
	103.5	 0.0	 0.0	99		
	106.5	 0.0	 0.0	99		
	109.5	 0.0	 0.0	99		
	112.5	 0.0	 0.0	99		
	115.5	 0.0	 0.0	99		
	118.5	 0.0	 0.0	99		
	121.5	 0.0	 0.0	99		
	124.5	300.0	 0.0	99		
	127.5	300.0	 0.0	99		
	130.5	300.0	 0.0	99		
	133.5	300.0	 0.0	99		
	136.5	300.0	 0.0	99		
	139.5	300.0	 0.0	99		
	142.5	300.0	 0.0	99		
	145.5	 0.0	 0.0	99		
	148.5	 0.0	 0.0	98		
	151.5	 0.0	 0.0	98		
	154.5	 0.0	 0.0	98		
	157.5	 0.0	 0.0	98		
	160.5	 0.0	 0.0	98		
	163.5	 0.0	 0.0	98		
	166.5	 0.0	 0.0	98		
	169.5	 0.0	 0.0	98		
	172.5	300.0	 0.0	98		
	175.5	300.0	 0.0	98		
	178.5	300.0	 0.0	98		
	181.5	300.0	 0.0	98		
	184.5	300.0	 0.0	98		
	187.5	300.0	 0.0	98		
	190.5	300.0	 0.0	98		
	193.5	 0.0	 0.0	98		
	196.5	 0.0	 0.0	97		
	199.5	 0.0	 0.0	97		
	202.5	 0.0	 0.0	97		
	205.5	 0.0	 0.0	97		
	208.5	 0.0	 0.0	97		
	211.5	 0.0	 0.0	97		
	214.5	 0.0	 0.0	97		
	217.5	 0.0	 0.0	97		
	220.5	300.0	 0.0	97		
	223.5	300.0	 0.0	97		
	226.5	300.0	 0.0	97		
	229.5	300.0	 0.0	97		
	232.5	300.0	 0.0	97		
	235.5	300.0	 0.0	97		
	238.5	300.0	 0.0	97		
	241.5	 0.0	 0.0	97		
	244.5	 0.0	 0.0	96		
	247.5	 0.0	 0.0	96		
	250.5	 0.0	 0.0	96		
	253.5	 0.0	 0.0	96		
	256.5	 0.0	 0.0	96		
	259.5	 0.0	 0.0	96		
	262.5	 0.0	 0.0	96		
	265.5	 0.0	 0.0	96		
	268.5	300.0	 0.0	96		
	271.5	300.0	 0.0	96		
	274.5	300.0	 0.0	96		
	277.5	300.0	 0.0	96		
	280.5	300.0	 0.0	96		
	283.5	300.0	 0.0	96		
	286.5	300.0	 0.0	96		
	289.5	 0.0	 0.0	96		
	292.5	 0.0	 0.0	95		
	295.5	 0.0	 0.0	95		
	298.5	 0.0	 0.0	95		
	301.5	 0.0	 0.0	95		
	304.5	 0.0	 0.0	95		
	307.5	 0.0	 0.0	95		
	310.5	 0.0	 0.0	95		
	313.5	 0.0	 0.0	95		
	316.5	300.0	 5.0	95		
	319.5	300.0	 2.0	95		
	322.5	300.0	 3.0	95		
	325.5	300.0	 3.0	95		
	328.5	300.0	 3.0	95		
	331.5	300.0	 3.0	95		
	334.5	300.0	 3.0	95		
	337.5	 0.0	 0.0	95		
	340.5	 0.0	 0.0	94		
	343.5	 0.0	 0.0	94		
	346.5	 0.0	 0.0	94		
	349.5	 0.0	 0.0	94		
	352.5	 0.0	 0.0	94		
	355.5	 0.0	 0.0	94		
	358.5	 0.0	 0.0	94		
	361.5	 0.0	 0.0	94		
	364.5	300.0	 0.0	94		
	367.5	300.0	 0.0	94		
	370.5	300.0	 0.0	94		
	373.5	300.0	 0.0	94		
	376.5	300.0	 0.0	94		
	379.5	300.0	 0.0	94		
	382.5	300.0	 0.0	94		
	385.5	 0.0	 0.0	94		
	388.5	 0.0	 0.0	93		
	391.5	 0.0	 0.0	93		
	394.5	 0.0	 0.0	93		
	397.5	 0.0	 0.0	93		
	400.5	 0.0	 0.0	93		
	403.5	 0.0	 0.0	93		
	406.5	 0.0	 0.0	93		
	409.5	 0.0	 0.0	93		
	412.5	300.0	 0.0	93		
	415.5	300.0	 0.0	93		
	418.5	300.0	 0.0	93		
	421.5	300.0	 0.0	93		
	424.5	300.0	 0.0	93		
	427.5	300.0	 0.0	93		
	430.5	 0.0	 0.0	93		
	433.5	 0.0	 0.0	93		
	436.5	 0.0	 0.0	92		
	439.5	 0.0	 0.0	92		
	442.5	 0.0	 0.0	92		
	445.5	 0.0	 0.0	92		
	448.5	 0.0	 0.0	92		
	451.5	 0.0	 0.0	92		
	454.5	 0.0	 0.0	92		
	457.5	 0.0	 0.0	92		
	460.5	300.0	 0.0	92		
	463.5	300.0	 0.0	92		
	466.5	300.0	 0.0	92		
	469.5	300.0	 0.0	92		
	472.5	300.0	 0.0	92		
	475.5	300.0	 0.0	92		
	478.5	 0.0	 0.0	92		
	481.5	 0.0	 0.0	92		
	484.5	 0.0	 0.0	91		
	487.5	 0.0	 0.0	91		
	490.5	 0.0	 0.0	91		
	493.5	 0.0	 0.0	91		
	496.5	 0.0	 0.0	91		
	499.5	 0.0	 0.0	91		
	502.5	 0.0	 0.0	91		
	505.5	 0.0	 0.0	91		
	508.5	300.0	 4.0	91		
	511.5	300.0	 3.0	91		
	514.5	300.0	 3.0	91		
	517.5	300.0	 3.0	91		
	520.5	300.0	 3.0	91		
	523.5	300.0	 3.0	91		
	526.5	 0.0	 0.0	91		
	529.5	 0.0	 0.0	91		
	532.5	 0.0	 0.0	90		
	535.5	 0.0	 0.0	90		
	538.5	 0.0	 0.0	90		
	541.5	 0.0	 0.0	90		
	544.5	 0.0	 0.0	90		
	547.5	 0.0	 0.0	90		
	550.5	 0.0	 0.0	90		
	553.5	 0.0	 0.0	90		
	556.5	300.0	 0.0	90		
	559.5	300.0	 0.0	90		
	562.5	300.0	 0.0	90		
	565.5	300.0	 0.0	90		
	568.5	300.0	 0.0	90		
	571.5	300.0	 0.0	90		
	574.5	 0.0	 0.0	90		
	577.5	 0.0	 0.0	90		
	580.5	 0.0	 0.0	89		
	583.5	 0.0	 0.0	89		
	586.5	 0.0	 0.0	89		
	589.5	 0.0	 0.0	89		
	592.5	 0.0	 0.0	89		
	595.5	 0.0	 0.0	89		
	598.5	 0.0	 0.0	89		
	601.5	 0.0	 0.0	89		
	604.5	300.0	 0.0	89		
	607.5	300.0	 0.0	89		
	610.5	300.0	 0.0	89		
	613.5	300.0	 0.0	89		
	616.5	300.0	 0.0	89		
	619.5	300.0	 0.0	89		
	622.5	 0.0	 0.0	89		
	625.5	 0.0	 0.0	89		
	628.5	 0.0	 0.0	88		
	631.5	 0.0	 0.0	88		
	634.5	 0.0	 0.0	88		
	637.5	 0.0	 0.0	88		
	640.5	 0.0	 0.0	88		
	643.5	 0.0	 0.0	88		
	646.5	 0.0	 0.0	88		
	649.5	 0.0	 0.0	88		
	652.5	300.0	 0.0	88		
	655.5	300.0	 0.0	88		
	658.5	300.0	 0.0	88		
	661.5	300.0	 0.0	88		
	664.5	300.0	 0.0	88		
	667.5	300.0	 0.0	88		
	670.5	 0.0	 0.0	88		
	673.5	 0.0	 0.0	88		
	676.5	 0.0	 0.0	87		
	679.5	 0.0	 0.0	87		
	682.5	 0.0	 0.0	87		
	685.5	 0.0	 0.0	87		
	688.5	 0.0	 0.0	87		
	691.5	 0.0	 0.0	87		
	694.5	 0.0	 0.0	87		
	697.5	 0.0	 0.0	87		
	700.5	300.0	 0.0	87		
	703.5	300.0	 0.0	87		
	706.5	300.0	 0.0	87		
	709.5	300.0	 0.0	87		
	712.5	300.0	 0.0	87		
	715.5	300.0	 0.0	87		
	718.5	 0.0	 0.0	87		
	721.5	 0.0	 0.0	87		
	724.5	 0.0	 0.0	86		
	727.5	 0.0	 0.0	86		
	730.5	 0.0	 0.0	86		
	733.5	 0.0	 0.0	86		
	736.5	 0.0	 0.0	86		
	739.5	 0.0	 0.0	86		
	742.5	 0.0	 0.0	86		
	745.5	 0.0	 0.0	86		
	748.5	300.0	 0.0	86		
	751.5	300.0	 0.0	86		
	754.5	300.0	 0.0	86		
	757.5	300.0	 0.0	86		
	760.5	300.0	 0.0	86		
	763.5	300.0	 0.0	86		
	766.5	 0.0	 0.0	86		
	769.5	 0.0	 0.0	86		
	772.5	 0.0	 0.0	85		
	775.5	 0.0	 0.0	85		
	778.5	 0.0	 0.0	85		
	781.5	 0.0	 0.0	85		
	784.5	 0.0	 0.0	85		
	787.5	 0.0	 0.0	85		
	790.5	 0.0	 0.0	85		
	793.5	 0.0	 0.0	85		
	796.5	300.0	 0.0	85		
	799.5	300.0	 0.0	85		
	802.5	300.0	 0.0	85		
	805.5	300.0	 0.0	85		
	808.5	300.0	 0.0	85		
	811.5	300.0	 0.0	85		
	814.5	 0.0	 0.0	85		
	817.5	 0.0	 0.0	85		
	820.5	 0.0	 0.0	84		
	823.5	 0.0	 0.0	84		
	826.5	 0.0	 0.0	84		
	829.5	 0.0	 0.0	84		
	832.5	 0.0	 0.0	84		
	835.5	 0.0	 0.0	84		
	838.5	 0.0	 0.0	84		
	841.5	237.0	 1.0	84		
	844.5	300.0	 0.0	84		
	847.5	300.0	 0.0	84		
	850.5	300.0	 0.0	84		
	853.5	300.0	 0.0	84		
	856.5	300.0	 0.0	84		
	859.5	300.0	 0.0	84		
	862.5	 0.0	 0.0	84		
	865.5	 0.0	 0.0	84		
	868.5	 0.0	 0.0	83		
	871.5	 0.0	 0.0	83		
	874.5	 0.0	 0.0	83		
	877.5	 0.0	 0.0	83		
	880.5	 0.0	 0.0	83		
	883.5	 0.0	 0.0	83		
	886.5	 0.0	 0.0	83		
	889.5	300.0	 0.0	83		
	892.5	300.0	 0.0	83		
	895.5	300.0	 0.0	83		
	898.5	300.0	 0.0	83		
	901.5	300.0	 0.0	83		
	904.5	300.0	 0.0	83		
	907.5	300.0	 0.0	83		
	910.5	 0.0	 0.0	83		
	913.5	 0.0	 0.0	83		
	916.5	 0.0	 0.0	82		
	919.5	 0.0	 0.0	82		
	922.5	 0.0	 0.0	82		
	925.5	 0.0	 0.0	82		
	928.5	 0.0	 0.0	82		
	931.5	 0.0	 0.0	82		
	934.5	 0.0	 0.0	82		
	937.5	300.0	 0.0	82		
	940.5	300.0	 0.0	82		
	943.5	300.0	 0.0	82		
	946.5	300.0	 0.0	82		
	949.5	300.0	 0.0	82		
	952.5	300.0	 0.0	82		
	955.5	300.0	 0.0	82		
	958.5	 0.0	 0.0	82		
	961.5	 0.0	 0.0	82		
	964.5	 0.0	 0.0	81		
	967.5	 0.0	 0.0	81		
	970.5	 0.0	 0.0	81		
	973.5	 0.0	 0.0	81		
	976.5	 0.0	 0.0	81		
	979.5	 0.0	 0.0	81		
	982.5	 0.0	 0.0	81		
	985.5	300.0	 0.0	81		
	988.5	300.0	 0.0	81		
	991.5	300.0	 0.0	81		
	994.5	300.0	 0.0	81		
	997.5	300.0	 0.0	81		
	1000.5	300.0	 0.0	81		
	1003.5	300.0	 0.0	81		
	1006.5	 0.0	 0.0	81		
	1009.5	 0.0	 0.0	81		
	1012.5	 0.0	 0.0	80		
	1015.5	 0.0	 0.0	80		
	1018.5	 0.0	 0.0	80		
	1021.5	 0.0	 0.0	80		
	1024.5	 0.0	 0.0	80		
	1027.5	 0.0	 0.0	80		
	1030.5	 0.0	 0.0	80		
	1033.5	300.0	 0.0	80		
	1036.5	300.0	 0.0	80		
	1039.5	300.0	 0.0	80		
	1042.5	300.0	 0.0	80		
	1045.5	300.0	 0.0	80		
	1048.5	300.0	 0.0	80		
	1051.5	300.0	 0.0	80		
	1054.5	 0.0	 0.0	80		
	1057.5	 0.0	 0.0	80		
	1060.5	 0.0	 0.0	79		
	1063.5	 0.0	 0.0	79		
	1066.5	 0.0	 0.0	79		
	1069.5	 0.0	 0.0	79		
	1072.5	 0.0	 0.0	79		
	1075.5	 0.0	 0.0	79		
	1078.5	 0.0	 0.0	79		
	1081.5	300.0	 0.0	79		
	1084.5	300.0	 0.0	79		
	1087.5	300.0	 0.0	79		
	1090.5	300.0	 0.0	79		
	1093.5	300.0	 0.0	79		
	1096.5	300.0	 0.0	79		
	1099.5	300.0	 0.0	79		
	1102.5	 0.0	 0.0	79		
	1105.5	 0.0	 0.0	79		
	1108.5	 0.0	 0.0	78		
	1111.5	 0.0	 0.0	78		
	1114.5	 0.0	 0.0	78		
	1117.5	 0.0	 0.0	78		
	1120.5	 0.0	 0.0	78		
	1123.5	 0.0	 0.0	78		
	1126.5	 0.0	 0.0	78		
	1129.5	300.0	 0.0	78		
	1132.5	300.0	 0.0	78		
	1135.5	300.0	 0.0	78		
	1138.5	300.0	 0.0	78		
	1141.5	300.0	 0.0	78		
	1144.5	300.0	 0.0	78		
	1147.5	300.0	 0.0	78		
	1150.5	 0.0	 0.0	78		
	1153.5	 0.0	 0.0	78		goto;015100
	1156.5	 0.0	 0.0	77		
	1159.5	 0.0	 0.0	77		
	1162.5	 0.0	 0.0	77		
	1165.5	 0.0	 0.0	77		
	1168.5	 0.0	 0.0	77		
	1171.5	 0.0	 0.0	77		
	1174.5	 0.0	 0.0	77		
	1177.5	300.0	 0.0	77		
	1180.5	300.0	 0.0	77		
	1183.5	300.0	 0.0	77		
	1186.5	300.0	 0.0	77		
	1189.5	300.0	 0.0	77		
	1192.5	300.0	 0.0	77		
	1195.5	300.0	 0.0	77		
	1198.5	 0.0	 0.0	77		
	1201.5	 0.0	 0.0	76		
	1204.5	 0.0	 0.0	76		
	1207.5	 0.0	 0.0	76		
	1210.5	 0.0	 0.0	76		
	1213.5	 0.0	 0.0	76		
	1216.5	 0.0	 0.0	76		
	1219.5	 0.0	 0.0	76		
	1222.5	 0.0	 0.0	76		
	1225.5	300.0	 0.0	76		
	1228.5	300.0	 0.0	76		
	1231.5	300.0	 0.0	76		
	1234.5	300.0	 0.0	76		
	1237.5	300.0	 0.0	76		
	1240.5	300.0	 0.0	76		
	1243.5	300.0	 0.0	76		
	1246.5	 0.0	 0.0	76		
	1249.5	 0.0	 0.0	75		
	1252.5	 0.0	 0.0	75		
	1255.5	 0.0	 0.0	75		
	1258.5	 0.0	 0.0	75		
	1261.5	 0.0	 0.0	75		
	1264.5	 0.0	 0.0	75		
	1267.5	 0.0	 0.0	75		
	1270.5	 0.0	 0.0	75		
	1273.5	300.0	 0.0	75		
	1276.5	300.0	 0.0	75		
	1279.5	300.0	 0.0	75		
	1282.5	300.0	 0.0	75		
	1285.5	300.0	 0.0	75		
	1288.5	300.0	 0.0	75		
	1291.5	300.0	 0.0	75		
	1294.5	 0.0	 0.0	75		
	1297.5	 0.0	 0.0	74		
	1300.5	 0.0	 0.0	74		
	1303.5	 0.0	 0.0	74		
	1306.5	 0.0	 0.0	74		
	1309.5	 0.0	 0.0	74		
	1312.5	 0.0	 0.0	74		
	1315.5	 0.0	 0.0	74		
	1318.5	 0.0	 0.0	74		
	1321.5	300.0	 0.0	74		
	1324.5	300.0	 0.0	74		
	1327.5	300.0	 0.0	74		
	1330.5	300.0	 0.0	74		
	1333.5	300.0	 0.0	74		
	1336.5	300.0	 0.0	74		
	1339.5	300.0	 0.0	74		
	1342.5	 0.0	 0.0	74		
	1345.5	 0.0	 0.0	73		
	1348.5	 0.0	 0.0	73		
	1351.5	 0.0	 0.0	73		
	1354.5	 0.0	 0.0	73		
	1357.5	 0.0	 0.0	73		
	1360.5	 0.0	 0.0	73		
	1363.5	 0.0	 0.0	73		
	1366.5	 0.0	 0.0	73		
	1369.5	300.0	 0.0	73		
	1372.5	300.0	 0.0	73		
	1375.5	300.0	 0.0	73		
	1378.5	300.0	 0.0	73		
	1381.5	300.0	 0.0	73		
	1384.5	300.0	 0.0	73		
	1387.5	300.0	 0.0	73		
	1390.5	 0.0	 0.0	73		
	1393.5	 0.0	 0.0	72		
	1396.5	 0.0	 0.0	72		
	1399.5	 0.0	 0.0	72		
	1402.5	 0.0	 0.0	72		
	1405.5	 0.0	 0.0	72		
	1408.5	 0.0	 0.0	72		
	1411.5	 0.0	 0.0	72		
	1414.5	 0.0	 0.0	72		
	1417.5	300.0	 0.0	72		
	1420.5	300.0	 0.0	72		
	1423.5	300.0	 0.0	72		
	1426.5	300.0	 0.0	72		
	1429.5	300.0	 0.0	72		
	1432.5	300.0	 0.0	72		
	1435.5	300.0	 0.0	72		
	1438.5	 0.0	 0.0	72		
	1441.5	 0.0	 0.0	71		
	1444.5	 0.0	 0.0	71		
	1447.5	 0.0	 0.0	71		
	1450.5	 0.0	 0.0	71		
	1453.5	 0.0	 0.0	71		
	1456.5	 0.0	 0.0	71		
	1459.5	 0.0	 0.0	71		
	1462.5	 0.0	 0.0	71		
	1465.5	300.0	 0.0	71		
	1468.5	300.0	 0.0	71		
	1471.5	300.0	 0.0	71		
	1474.5	300.0	 0.0	71		
	1477.5	300.0	 0.0	71		
	1480.5	300.0	 0.0	71		
	1483.5	300.0	 0.0	71		
	1486.5	 0.0	 0.0	71		
	1489.5	 0.0	 0.0	70		
	1492.5	 0.0	 0.0	70		
	1495.5	 0.0	 0.0	70		
	1498.5	 0.0	 0.0	70		
	1501.5	 0.0	 0.0	70		
	1504.5	 0.0	 0.0	70		
	1507.5	 0.0	 0.0	70		
	1510.5	 0.0	 0.0	70		
	1513.5	300.0	 0.0	70		
	1516.5	300.0	 0.0	70		
	1519.5	300.0	 0.0	70		
	1522.5	300.0	 0.0	70		
	1525.5	300.0	 0.0	70		
	1528.5	300.0	 0.0	70		
	1531.5	300.0	 0.0	70		
	1534.5	 0.0	 0.0	70		
	1537.5	 0.0	 0.0	69		
	1540.5	 0.0	 0.0	69		
	1543.5	 0.0	 0.0	69		
	1546.5	 0.0	 0.0	69		
	1549.5	 0.0	 0.0	69		
	1552.5	 0.0	 0.0	69		
	1555.5	 0.0	 0.0	69		
	1558.5	 0.0	 0.0	69		
	1561.5	300.0	 0.0	69		
	1564.5	300.0	 0.0	69		
	1567.5	300.0	 0.0	69		
	1570.5	300.0	 0.0	69		
	1573.5	300.0	 0.0	69		
	1576.5	300.0	 0.0	69		
	1579.5	300.0	 0.0	69		
	1582.5	 0.0	 0.0	69		
	1585.5	 0.0	 0.0	68		
	1588.5	 0.0	 0.0	68		
	1591.5	 0.0	 0.0	68		
	1594.5	 0.0	 0.0	68		
	1597.5	 0.0	 0.0	68		
	1600.5	 0.0	 0.0	68		
	1603.5	 0.0	 0.0	68		
	1606.5	 0.0	 0.0	68		
	1609.5	300.0	 0.0	68		
	1612.5	300.0	 0.0	68		
	1615.5	300.0	 0.0	68		
	1618.5	300.0	 0.0	68		
	1621.5	300.0	 0.0	68		
	1624.5	300.0	 0.0	68		
	1627.5	300.0	 0.0	68		
	1630.5	 0.0	 0.0	68		
	1633.5	 0.0	 0.0	67		
	1636.5	 0.0	 0.0	67		
	1639.5	 0.0	 0.0	67		
	1642.5	 0.0	 0.0	67		
	1645.5	 0.0	 0.0	67		
	1648.5	 0.0	 0.0	67		
	1651.5	 0.0	 0.0	67		
	1654.5	 0.0	 0.0	67		
	1657.5	300.0	 5.0	67		
	1660.5	300.0	 3.0	67		
	1663.5	300.0	 3.0	67		
	1666.5	300.0	 3.0	67		
	1669.5	300.0	 4.0	67		
	1672.5	300.0	 3.0	67		
	1675.5	 0.0	 0.0	67		
	1678.5	 0.0	 0.0	67		
	1681.5	 0.0	 0.0	66		
	1684.5	 0.0	 0.0	66		
	1687.5	 0.0	 0.0	66		
	1690.5	 0.0	 0.0	66		
	1693.5	 0.0	 0.0	66		
	1696.5	 0.0	 0.0	66		
	1699.5	 0.0	 0.0	66		
	1702.5	 0.0	 0.0	66		
	1705.5	282.0	 3.0	66		
	1708.5	300.0	 0.0	66		
	1711.5	300.0	 0.0	66		
	1714.5	300.0	 0.0	66		
	1717.5	300.0	 0.0	66		
	1720.5	300.0	 0.0	66		
	1723.5	 0.0	 0.0	66		
	1726.5	 0.0	 0.0	66		
	1729.5	 0.0	 0.0	65		
	1732.5	 0.0	 0.0	65		
	1735.5	 0.0	 0.0	65		
	1738.5	 0.0	 0.0	65		
	1741.5	 0.0	 0.0	65		
	1744.5	 0.0	 0.0	65		
	1747.5	 0.0	 0.0	65		
	1750.5	 0.0	 0.0	65		
	1753.5	300.0	 0.0	65		
	1756.5	300.0	 0.0	65		
	1759.5	300.0	 0.0	65		
	1762.5	300.0	 0.0	65		
	1765.5	300.0	 0.0	65		
	1768.5	300.0	 0.0	65		
	1771.5	 0.0	 0.0	65		
	1774.5	 0.0	 0.0	65		
	1777.5	 0.0	 0.0	64		
	1780.5	 0.0	 0.0	64		
	1783.5	 0.0	 0.0	64		
	1786.5	 0.0	 0.0	64		
	1789.5	 0.0	 0.0	64		
	1792.5	 0.0	 0.0	64		
	1795.5	 0.0	 0.0	64		
	1798.5	 0.0	 0.0	64		
	1801.5	300.0	 0.0	64		
	1804.5	300.0	 0.0	64		
	1807.5	300.0	 0.0	64		
	1810.5	300.0	 0.0	64		
	1813.5	300.0	 0.0	64		
	1816.5	300.0	 0.0	64		
	1819.5	 0.0	 0.0	64		
	1822.5	 0.0	 0.0	64		
	1825.5	 0.0	 0.0	63		
	1828.5	 0.0	 0.0	63		
	1831.5	 0.0	 0.0	63		
	1834.5	 0.0	 0.0	63		
	1837.5	 0.0	 0.0	63		
	1840.5	 0.0	 0.0	63		
	1843.5	 0.0	 0.0	63		
	1846.5	 0.0	 0.0	63		
	1849.5	300.0	 0.0	63		
	1852.5	300.0	 0.0	63		
	1855.5	300.0	 0.0	63		
	1858.5	300.0	 0.0	63		
	1861.5	300.0	 0.0	63		
	1864.5	300.0	 0.0	63		
	1867.5	 0.0	 0.0	63		
	1870.5	 0.0	 0.0	63		
	1873.5	 0.0	 0.0	62		
	1876.5	 0.0	 0.0	62		
	1879.5	 0.0	 0.0	62		
	1882.5	 0.0	 0.0	62		
	1885.5	 0.0	 0.0	62		
	1888.5	 0.0	 0.0	62		
	1891.5	 0.0	 0.0	62		
	1894.5	 0.0	 0.0	62		
	1897.5	300.0	 0.0	62		
	1900.5	300.0	 0.0	62		
	1903.5	300.0	 0.0	62		
	1906.5	300.0	 0.0	62		
	1909.5	300.0	 0.0	62		
	1912.5	300.0	 0.0	62		
	1915.5	 0.0	 0.0	62		
	1918.5	 0.0	 0.0	62		
	1921.5	 0.0	 0.0	61		
	1924.5	 0.0	 0.0	61		
	1927.5	 0.0	 0.0	61		
	1930.5	 0.0	 0.0	61		
	1933.5	 0.0	 0.0	61		
	1936.5	 0.0	 0.0	61		
	1939.5	 0.0	 0.0	61		
	1942.5	 0.0	 0.0	61		
	1945.5	300.0	 0.0	61		
	1948.5	300.0	 0.0	61		
	1951.5	300.0	 0.0	61		
	1954.5	300.0	 0.0	61		
	1957.5	300.0	 0.0	61		
	1960.5	300.0	 0.0	61		
	1963.5	 0.0	 0.0	61		
	1966.5	 0.0	 0.0	61		
	1969.5	 0.0	 0.0	60		
	1972.5	 0.0	 0.0	60		
	1975.5	 0.0	 0.0	60		
	1978.5	 0.0	 0.0	60		
	1981.5	 0.0	 0.0	60		
	1984.5	 0.0	 0.0	60		
	1987.5	 0.0	 0.0	60		
	1990.5	300.0	 0.0	60		
	1993.5	300.0	 0.0	60		
	1996.5	300.0	 0.0	60		
	1999.5	300.0	 0.0	60		
	2002.5	300.0	 0.0	60		
	2005.5	300.0	 0.0	60		
	2008.5	300.0	 0.0	60		
	2011.5	 0.0	 0.0	60		
	2014.5	 0.0	 0.0	60		
	2017.5	 0.0	 0.0	59		
	2020.5	 0.0	 0.0	59		
	2023.5	 0.0	 0.0	59		
	2026.5	 0.0	 0.0	59		
	2029.5	 0.0	 0.0	59		
	2032.5	 0.0	 0.0	59		
	2035.5	 0.0	 0.0	59		
	2038.5	323.0	 0.0	59		
	2041.5	300.0	 0.0	59		
	2044.5	300.0	 0.0	59		
	2047.5	300.0	 0.0	59		
	2050.5	300.0	 0.0	59		
	2053.5	300.0	 0.0	59		
	2056.5	300.0	 0.0	59		
	2059.5	 0.0	 0.0	59		
	2062.5	 0.0	 0.0	59		
	2065.5	 0.0	 0.0	58		
	2068.5	 0.0	 0.0	58		
	2071.5	 0.0	 0.0	58		
	2074.5	 0.0	 0.0	58		
	2077.5	 0.0	 0.0	58		
	2080.5	 0.0	 0.0	58		
	2083.5	 0.0	 0.0	58		
	2086.5	290.0	 0.0	58		
	2089.5	300.0	 0.0	58		
	2092.5	300.0	 0.0	58		
	2095.5	300.0	 0.0	58		
	2098.5	300.0	 0.0	58		
	2101.5	300.0	 0.0	58		
	2104.5	300.0	 0.0	58		
	2107.5	 0.0	 0.0	58		
	2110.5	 0.0	 0.0	58		
	2113.5	 0.0	 0.0	57		
	2116.5	 0.0	 0.0	57		
	2119.5	 0.0	 0.0	57		
	2122.5	 0.0	 0.0	57		
	2125.5	 0.0	 0.0	57		
	2128.5	 0.0	 0.0	57		
	2131.5	 0.0	 0.0	57		
	2134.5	311.0	 0.0	57		
	2137.5	300.0	 0.0	57		
	2140.5	300.0	 0.0	57		
	2143.5	300.0	 0.0	57		
	2146.5	300.0	 0.0	57		
	2149.5	300.0	 0.0	57		
	2152.5	300.0	 0.0	57		
	2155.5	 0.0	 0.0	57		
	2158.5	 0.0	 0.0	57		
	2161.5	 0.0	 0.0	56		
	2164.5	 0.0	 0.0	56		
	2167.5	 0.0	 0.0	56		
	2170.5	 0.0	 0.0	56		
	2173.5	 0.0	 0.0	56		
	2176.5	 0.0	 0.0	56		
	2179.5	 0.0	 0.0	56		
	2182.5	300.0	 0.0	56		
	2185.5	300.0	 0.0	56		
	2188.5	300.0	 0.0	56		
	2191.5	300.0	 0.0	56		
	2194.5	300.0	 0.0	56		
	2197.5	300.0	 0.0	56		
	2200.5	300.0	 0.0	56		
	2203.5	 0.0	 0.0	56		
	2206.5	 0.0	 0.0	56		
	2209.5	 0.0	 0.0	55		
	2212.5	 0.0	 0.0	55		
	2215.5	 0.0	 0.0	55		
	2218.5	 0.0	 0.0	55		
	2221.5	 0.0	 0.0	55		
	2224.5	 0.0	 0.0	55		
	2227.5	 0.0	 0.0	55		
	2230.5	300.0	 0.0	55		
	2233.5	300.0	 0.0	55		
	2236.5	300.0	 0.0	55		
	2239.5	300.0	 0.0	55		
	2242.5	300.0	 0.0	55		
	2245.5	300.0	 0.0	55		
	2248.5	300.0	 0.0	55		
	2251.5	 0.0	 0.0	55		
	2254.5	 0.0	 0.0	55		
	2257.5	 0.0	 0.0	54		
	2260.5	 0.0	 0.0	54		
	2263.5	 0.0	 0.0	54		
	2266.5	 0.0	 0.0	54		
	2269.5	 0.0	 0.0	54		
	2272.5	 0.0	 0.0	54		
	2275.5	 0.0	 0.0	54		
	2278.5	300.0	 0.0	54		
	2281.5	300.0	 0.0	54		
	2284.5	300.0	 0.0	54		
	2287.5	300.0	 0.0	54		
	2290.5	300.0	 0.0	54		
	2293.5	300.0	 0.0	54		
	2296.5	300.0	 0.0	54		
	2299.5	 0.0	 0.0	54		
	2302.5	 0.0	 0.0	54		
	2305.5	 0.0	 0.0	53		
	2308.5	 0.0	 0.0	53		
	2311.5	 0.0	 0.0	53		
	2314.5	 0.0	 0.0	53		
	2317.5	 0.0	 0.0	53		
	2320.5	 0.0	 0.0	53		
	2323.5	 0.0	 0.0	53		
	2326.5	300.0	 0.0	53		
	2329.5	300.0	 0.0	53		
	2332.5	300.0	 0.0	53		
	2335.5	300.0	 0.0	53		
	2338.5	300.0	 0.0	53		
	2341.5	300.0	 0.0	53		
	2344.5	300.0	 0.0	53		
	2347.5	 0.0	 0.0	53		
	2350.5	 0.0	 0.0	52		
	2353.5	 0.0	 0.0	52		
	2356.5	 0.0	 0.0	52		
	2359.5	 0.0	 0.0	52		
	2362.5	 0.0	 0.0	52		
	2365.5	 0.0	 0.0	52		
	2368.5	 0.0	 0.0	52		
	2371.5	 0.0	 0.0	52		
	2374.5	300.0	 0.0	52		
	2377.5	300.0	 0.0	52		
	2380.5	300.0	 0.0	52		
	2383.5	300.0	 0.0	52		
	2386.5	300.0	 0.0	52		
	2389.5	300.0	 0.0	52		
	2392.5	300.0	 0.0	52		
	2395.5	 0.0	 0.0	52		
	2398.5	 0.0	 0.0	51		
	2401.5	 0.0	 0.0	51		
	2404.5	 0.0	 0.0	51		
	2407.5	 0.0	 0.0	51		
	2410.5	 0.0	 0.0	51		
	2413.5	 0.0	 0.0	51		
	2416.5	 0.0	 0.0	51		
	2419.5	 0.0	 0.0	51		
	2422.5	300.0	 0.0	51		
	2425.5	300.0	 0.0	51		
	2428.5	300.0	 0.0	51		
	2431.5	300.0	 0.0	51		
	2434.5	300.0	 0.0	51		
	2437.5	300.0	 0.0	51		
	2440.5	300.0	 0.0	51		
	2443.5	 0.0	 0.0	51		
	2446.5	 0.0	 0.0	50		
	2449.5	 0.0	 0.0	50		
	2452.5	 0.0	 0.0	50		
	2455.5	 0.0	 0.0	50		
	2458.5	 0.0	 0.0	50		
	2461.5	 0.0	 0.0	50		
	2464.5	 0.0	 0.0	50		
	2467.5	 0.0	 0.0	50		
	2470.5	300.0	 0.0	50		
	2473.5	300.0	 0.0	50		
	2476.5	300.0	 0.0	50		
	2479.5	300.0	 0.0	50		
	2482.5	300.0	 0.0	50		
	2485.5	300.0	 0.0	50		
	2488.5	300.0	 0.0	50		
	2491.5	 0.0	 0.0	50		
	2494.5	 0.0	 0.0	49		
	2497.5	 0.0	 0.0	49		
	2500.5	 0.0	 0.0	49		
	2503.5	 0.0	 0.0	49		
	2506.5	 0.0	 0.0	49		
	2509.5	 0.0	 0.0	49		
	2512.5	 0.0	 0.0	49		
	2515.5	 0.0	 0.0	49		
	2518.5	300.0	 0.0	49		
	2521.5	300.0	 0.0	49		
	2524.5	300.0	 0.0	49		
	2527.5	300.0	 0.0	49		
	2530.5	300.0	 0.0	49		
	2533.5	300.0	 0.0	49		
	2536.5	300.0	 1.0	49		
	2539.5	 0.0	 0.0	49		
	2542.5	 0.0	 0.0	48		
	2545.5	 0.0	 0.0	48		
	2548.5	 0.0	 0.0	48		
	2551.5	 0.0	 0.0	48		
	2554.5	 0.0	 0.0	48		
	2557.5	 0.0	 0.0	48		
	2560.5	 0.0	 0.0	48		
	2563.5	 0.0	 0.0	48		
	2566.5	300.0	 0.0	48		
	2569.5	300.0	 0.0	48		
	2572.5	300.0	 0.0	48		
	2575.5	300.0	 0.0	48		
	2578.5	300.0	 0.0	48		
	2581.5	300.0	 0.0	48		
	2584.5	300.0	 0.0	48		
	2587.5	 0.0	 0.0	48		
	2590.5	 0.0	 0.0	47		
	2593.5	 0.0	 0.0	47		
	2596.5	 0.0	 0.0	47		
	2599.5	 0.0	 0.0	47		
	2602.5	 0.0	 0.0	47		
	2605.5	 0.0	 0.0	47		
	2608.5	 0.0	 0.0	47		
	2611.5	 0.0	 0.0	47		
	2614.5	300.0	 0.0	47		
	2617.5	300.0	 0.0	47		
	2620.5	300.0	 0.0	47		
	2623.5	300.0	 0.0	47		
	2626.5	300.0	 0.0	47		
	2629.5	300.0	 0.0	47		
	2632.5	300.0	 0.0	47		
	2635.5	 0.0	 0.0	47		
	2638.5	 0.0	 0.0	46		
	2641.5	 0.0	 0.0	46		
	2644.5	 0.0	 0.0	46		
	2647.5	 0.0	 0.0	46		
	2650.5	 0.0	 0.0	46		
	2653.5	 0.0	 0.0	46		
	2656.5	 0.0	 0.0	46		
	2659.5	 0.0	 0.0	46		
	2662.5	300.0	 0.0	46		
	2665.5	300.0	 0.0	46		
	2668.5	300.0	 0.0	46		
	2671.5	300.0	 0.0	46		
	2674.5	300.0	 0.0	46		
	2677.5	300.0	 0.0	46		
	2680.5	300.0	 0.0	46		
	2683.5	 0.0	 0.0	46		
	2686.5	 0.0	 0.0	45		
	2689.5	 0.0	 0.0	45		
	2692.5	 0.0	 0.0	45		
	2695.5	 0.0	 0.0	45		
	2698.5	 0.0	 0.0	45		
	2701.5	 0.0	 0.0	45		
	2704.5	 0.0	 0.0	45		
	2707.5	 0.0	 0.0	45		
	2710.5	300.0	 0.0	45		
	2713.5	300.0	 0.0	45		
	2716.5	300.0	 0.0	45		
	2719.5	300.0	 0.0	45		
	2722.5	300.0	 0.0	45		
	2725.5	300.0	 0.0	45		
	2728.5	300.0	 0.0	45		
	2731.5	 0.0	 0.0	45		
	2734.5	 0.0	 0.0	44		
	2737.5	 0.0	 0.0	44		
	2740.5	 0.0	 0.0	44		
	2743.5	 0.0	 0.0	44		
	2746.5	 0.0	 0.0	44		
	2749.5	 0.0	 0.0	44		
	2752.5	 0.0	 0.0	44		
	2755.5	 0.0	 0.0	44		
	2758.5	300.0	 0.0	44		
	2761.5	300.0	 0.0	44		
	2764.5	300.0	 0.0	44		
	2767.5	300.0	 0.0	44		
	2770.5	300.0	 0.0	44		
	2773.5	300.0	 0.0	44		
	2776.5	300.0	 0.0	44		
	2779.5	 0.0	 0.0	44		
	2782.5	 0.0	 0.0	43		
	2785.5	 0.0	 0.0	43		
	2788.5	 0.0	 0.0	43		
	2791.5	 0.0	 0.0	43		
	2794.5	 0.0	 0.0	43		
	2797.5	 0.0	 0.0	43		
	2800.5	 0.0	 0.0	43		
	2803.5	 0.0	 0.0	43		
	2806.5	300.0	 0.0	43		
	2809.5	300.0	 0.0	43		
	2812.5	300.0	 0.0	43		
	2815.5	300.0	 0.0	43		
	2818.5	300.0	 0.0	43		
	2821.5	300.0	 0.0	43		
	2824.5	300.0	 0.0	43		
	2827.5	 0.0	 0.0	43		
	2830.5	 0.0	 0.0	42		
	2833.5	 0.0	 0.0	42		
	2836.5	 0.0	 0.0	42		
	2839.5	 0.0	 0.0	42		
	2842.5	 0.0	 0.0	42		
	2845.5	 0.0	 0.0	42		
	2848.5	 0.0	 0.0	42		
	2851.5	 0.0	 0.0	42		
	2854.5	300.0	 0.0	42		
	2857.5	300.0	 0.0	42		
	2860.5	300.0	 0.0	42		
	2863.5	300.0	 0.0	42		
	2866.5	300.0	 0.0	42		
	2869.5	300.0	 0.0	42		
	2872.5	 0.0	 0.0	42		
	2875.5	 0.0	 0.0	42		
	2878.5	 0.0	 0.0	41		
	2881.5	 0.0	 0.0	41		
	2884.5	 0.0	 0.0	41		
	2887.5	 0.0	 0.0	41		
	2890.5	 0.0	 0.0	41		
	2893.5	 0.0	 0.0	41		
	2896.5	 0.0	 0.0	41		
	2899.5	 0.0	 0.0	41		
	2902.5	300.0	 0.0	41		
	2905.5	300.0	 0.0	41		
	2908.5	300.0	 0.0	41		
	2911.5	300.0	 0.0	41		
	2914.5	300.0	 0.0	41		
	2917.5	300.0	 0.0	41		
	2920.5	 0.0	 0.0	41		
	2923.5	 0.0	 0.0	41		
	2926.5	 0.0	 0.0	40		
	2929.5	 0.0	 0.0	40		
	2932.5	 0.0	 0.0	40		
	2935.5	 0.0	 0.0	40		
	2938.5	 0.0	 0.0	40		
	2941.5	 0.0	 0.0	40		
	2944.5	 0.0	 0.0	40		
	2947.5	 0.0	 0.0	40		
	2950.5	300.0	 0.0	40		
	2953.5	300.0	 0.0	40		
	2956.5	300.0	 0.0	40		
	2959.5	300.0	 0.0	40		
	2962.5	300.0	 0.0	40		
	2965.5	300.0	 0.0	40		
	2968.5	 0.0	 0.0	40		
	2971.5	 0.0	 0.0	40		
	2974.5	 0.0	 0.0	39		
	2977.5	 0.0	 0.0	39		
	2980.5	 0.0	 0.0	39		
	2983.5	 0.0	 0.0	39		
	2986.5	 0.0	 0.0	39		
	2989.5	 0.0	 0.0	39		
	2992.5	 0.0	 0.0	39		
	2995.5	 0.0	 0.0	39		
	2998.5	300.0	 0.0	39		
	3001.5	300.0	 0.0	39		
	3004.5	300.0	 0.0	39		
	3007.5	300.0	 0.0	39		
	3010.5	300.0	 0.0	39		
	3013.5	300.0	 0.0	39		
	3016.5	 0.0	 0.0	39		
	3019.5	 0.0	 0.0	39		
	3022.5	 0.0	 0.0	38		
	3025.5	 0.0	 0.0	38		
	3028.5	 0.0	 0.0	38		
	3031.5	 0.0	 0.0	38		
	3034.5	 0.0	 0.0	38		
	3037.5	 0.0	 0.0	38		
	3040.5	 0.0	 0.0	38		
	3043.5	 0.0	 0.0	38		
	3046.5	300.0	 0.0	38		
	3049.5	300.0	 0.0	38		
	3052.5	300.0	 0.0	38		
	3055.5	300.0	 0.0	38		
	3058.5	300.0	 0.0	38		
	3061.5	300.0	 0.0	38		
	3064.5	 0.0	 0.0	38		
	3067.5	 0.0	 0.0	38		
	3070.5	 0.0	 0.0	37		
	3073.5	 0.0	 0.0	37		
	3076.5	 0.0	 0.0	37		
	3079.5	 0.0	 0.0	37		
	3082.5	 0.0	 0.0	37		
	3085.5	 0.0	 0.0	37		
	3088.5	 0.0	 0.0	37		
	3091.5	 0.0	 0.0	37		
	3094.5	300.0	 0.0	37		
	3097.5	300.0	 0.0	37		
	3100.5	300.0	 0.0	37		
	3103.5	300.0	 0.0	37		
	3106.5	300.0	 0.0	37		
	3109.5	300.0	 0.0	37		
	3112.5	 0.0	 0.0	37		
	3115.5	 0.0	 0.0	37		
	3118.5	 0.0	 0.0	36		
	3121.5	 0.0	 0.0	36		
	3124.5	 0.0	 0.0	36		
	3127.5	 0.0	 0.0	36		
	3130.5	 0.0	 0.0	36		
	3133.5	 0.0	 0.0	36		
	3136.5	 0.0	 0.0	36		
	3139.5	 0.0	 0.0	36		
	3142.5	300.0	 0.0	36		
	3145.5	300.0	 0.0	36		
	3148.5	300.0	 0.0	36		
	3151.5	300.0	 0.0	36		
	3154.5	300.0	 0.0	36		
	3157.5	300.0	 0.0	36		
	3160.5	 0.0	 0.0	36		
	3163.5	 0.0	 0.0	36		
	3166.5	 0.0	 0.0	35		
	3169.5	 0.0	 0.0	35		
	3172.5	 0.0	 0.0	35		
	3175.5	 0.0	 0.0	35		
	3178.5	 0.0	 0.0	35		
	3181.5	 0.0	 0.0	35		
	3184.5	 0.0	 0.0	35		
	3187.5	 0.0	 0.0	35		
	3190.5	300.0	 0.0	35		
	3193.5	300.0	 0.0	35		
	3196.5	300.0	 0.0	35		
	3199.5	300.0	 0.0	35		
	3202.5	300.0	 0.0	35		
	3205.5	300.0	 0.0	35		
	3208.5	 0.0	 0.0	35		
	3211.5	 0.0	 0.0	35		
	3214.5	 0.0	 0.0	34		
	3217.5	 0.0	 0.0	34		
	3220.5	 0.0	 0.0	34		
	3223.5	 0.0	 0.0	34		
	3226.5	 0.0	 0.0	34		
	3229.5	 0.0	 0.0	34		
	3232.5	 0.0	 0.0	34		
	3235.5	286.0	 0.0	34		
	3238.5	300.0	 0.0	34		
	3241.5	300.0	 0.0	34		
	3244.5	300.0	 0.0	34		
	3247.5	300.0	 0.0	34		
	3250.5	300.0	 0.0	34		
	3253.5	300.0	 0.0	34		
	3256.5	 0.0	 0.0	34		
	3259.5	 0.0	 0.0	34		
	3262.5	 0.0	 0.0	33		
	3265.5	 0.0	 0.0	33		
	3268.5	 0.0	 0.0	33		
	3271.5	 0.0	 0.0	33		
	3274.5	 0.0	 0.0	33		
	3277.5	 0.0	 0.0	33		
	3280.5	 0.0	 0.0	33		
	3283.5	300.0	 0.0	33		
	3286.5	300.0	 0.0	33		
	3289.5	300.0	 0.0	33		
	3292.5	300.0	 0.0	33		
	3295.5	300.0	 0.0	33		
	3298.5	300.0	 0.0	33		
	3301.5	300.0	 0.0	33		
	3304.5	 0.0	 0.0	33		
	3307.5	 0.0	 0.0	33		
	3310.5	 0.0	 0.0	32		
	3313.5	 0.0	 0.0	32		
	3316.5	 0.0	 0.0	32		
	3319.5	 0.0	 0.0	32		
	3322.5	 0.0	 0.0	32		
	3325.5	 0.0	 0.0	32		
	3328.5	 0.0	 0.0	32		
	3331.5	300.0	 0.0	32		
	3334.5	300.0	 0.0	32		
	3337.5	300.0	 0.0	32		
	3340.5	300.0	 0.0	32		
	3343.5	300.0	 0.0	32		
	3346.5	300.0	 0.0	32		
	3349.5	300.0	 0.0	32		
	3352.5	 0.0	 0.0	32		
	3355.5	 0.0	 0.0	32		
	3358.5	 0.0	 0.0	31		
	3361.5	 0.0	 0.0	31		
	3364.5	 0.0	 0.0	31		
	3367.5	 0.0	 0.0	31		
	3370.5	 0.0	 0.0	31		
	3373.5	 0.0	 0.0	31		
	3376.5	 0.0	 0.0	31		
	3379.5	300.0	 0.0	31		
	3382.5	300.0	 0.0	31		
	3385.5	300.0	 0.0	31		
	3388.5	300.0	 0.0	31		
	3391.5	300.0	 0.0	31		
	3394.5	300.0	 0.0	31		
	3397.5	300.0	 0.0	31		
	3400.5	 0.0	 0.0	31		
	3403.5	 0.0	 0.0	31		
	3406.5	 0.0	 0.0	30		
	3409.5	 0.0	 0.0	30		
	3412.5	 0.0	 0.0	30		
	3415.5	 0.0	 0.0	30		
	3418.5	 0.0	 0.0	30		
	3421.5	 0.0	 0.0	30		
	3424.5	 0.0	 0.0	30		
	3427.5	300.0	 0.0	30		
	3430.5	300.0	 0.0	30		
	3433.5	300.0	 0.0	30		
	3436.5	300.0	 0.0	30		
	3439.5	300.0	 0.0	30		
	3442.5	300.0	 0.0	30		
	3445.5	300.0	 1.0	30		
	3448.5	 0.0	 0.0	30		
	3451.5	 0.0	 0.0	30		
	3454.5	 0.0	 0.0	29		
	3457.5	 0.0	 0.0	29		
	3460.5	 0.0	 0.0	29		
	3463.5	 0.0	 0.0	29		
	3466.5	 0.0	 0.0	29		
	3469.5	 0.0	 0.0	29		
	3472.5	 0.0	 0.0	29		
	3475.5	300.0	 0.0	29		
	3478.5	300.0	 0.0	29		
	3481.5	300.0	 0.0	29		
	3484.5	300.0	 0.0	29		
	3487.5	300.0	 0.0	29		
	3490.5	300.0	 0.0	29		
	3493.5	300.0	 0.0	29		
	3496.5	 0.0	 0.0	29		
	3499.5	 0.0	 0.0	29		
	3502.5	 0.0	 0.0	28		
	3505.5	 0.0	 0.0	28		
	3508.5	 0.0	 0.0	28		
	3511.5	 0.0	 0.0	28		
	3514.5	 0.0	 0.0	28		
	3517.5	 0.0	 0.0	28		
	3520.5	 0.0	 0.0	28		
	3523.5	300.0	 0.0	28		
	3526.5	300.0	 0.0	28		
	3529.5	300.0	 0.0	28		
	3532.5	300.0	 0.0	28		
	3535.5	300.0	 0.0	28		
	3538.5	300.0	 0.0	28		
	3541.5	300.0	 0.0	28		
	3544.5	 0.0	 0.0	28		
	3547.5	 0.0	 0.0	28		goto;015100
	3550.5	 0.0	 0.0	27		
	3553.5	 0.0	 0.0	27		
	3556.5	 0.0	 0.0	27		
	3559.5	 0.0	 0.0	27		
	3562.5	 0.0	 0.0	27		
	3565.5	 0.0	 0.0	27		
	3568.5	 0.0	 0.0	27		
	3571.5	300.0	 0.0	27		
	3574.5	300.0	 0.0	27		
	3577.5	300.0	 0.0	27		
	3580.5	300.0	 0.0	27		
	3583.5	300.0	 0.0	27		
	3586.5	300.0	 0.0	27		
	3589.5	300.0	 0.0	27		
	3592.5	 0.0	 0.0	27		
	3595.5	 0.0	 0.0	26		
	3598.5	 0.0	 0.0	26		
	3601.5	 0.0	 0.0	26		
	3604.5	 0.0	 0.0	26		
	3607.5	 0.0	 0.0	26		
	3610.5	 0.0	 0.0	26		
	3613.5	 0.0	 0.0	26		
	3616.5	 0.0	 0.0	26		
	3619.5	300.0	 0.0	26		
	3622.5	300.0	 0.0	26		
	3625.5	300.0	 0.0	26		
	3628.5	300.0	 0.0	26		
	3631.5	300.0	 0.0	26		
	3634.5	300.0	 0.0	26		
	3637.5	300.0	 0.0	26		
	3640.5	 0.0	 0.0	26		
	3643.5	 0.0	 0.0	25		
	3646.5	 0.0	 0.0	25		
	3649.5	 0.0	 0.0	25		
	3652.5	 0.0	 0.0	25		
	3655.5	 0.0	 0.0	25		
	3658.5	 0.0	 0.0	25		
	3661.5	 0.0	 0.0	25		
	3664.5	 0.0	 0.0	25		
	3667.5	300.0	 0.0	25		
	3670.5	300.0	 0.0	25		
	3673.5	300.0	 0.0	25		
	3676.5	300.0	 0.0	25		
	3679.5	300.0	 0.0	25		
	3682.5	300.0	 0.0	25		
	3685.5	300.0	 0.0	25		
	3688.5	 0.0	 0.0	25		
	3691.5	 0.0	 0.0	24		
	3694.5	 0.0	 0.0	24		
	3697.5	 0.0	 0.0	24		
	3700.5	 0.0	 0.0	24		
	3703.5	 0.0	 0.0	24		
	3706.5	 0.0	 0.0	24		
	3709.5	 0.0	 0.0	24		
	3712.5	 0.0	 0.0	24		
	3715.5	300.0	 0.0	24		
	3718.5	300.0	 0.0	24		
	3721.5	300.0	 0.0	24		
	3724.5	300.0	 0.0	24		
	3727.5	300.0	 0.0	24		
	3730.5	300.0	 0.0	24		
	3733.5	300.0	 0.0	24		
	3736.5	 0.0	 0.0	24		
	3739.5	 0.0	 0.0	23		
	3742.5	 0.0	 0.0	23		
	3745.5	 0.0	 0.0	23		
	3748.5	 0.0	 0.0	23		
	3751.5	 0.0	 0.0	23		
	3754.5	 0.0	 0.0	23		
	3757.5	 0.0	 0.0	23		
	3760.5	 0.0	 0.0	23		
	3763.5	300.0	 0.0	23		
	3766.5	300.0	 0.0	23		
	3769.5	300.0	 0.0	23		
	3772.5	300.0	 0.0	23		
	3775.5	300.0	 0.0	23		
	3778.5	300.0	 0.0	23		
	3781.5	300.0	 0.0	23		
	3784.5	 0.0	 0.0	23		
	3787.5	 0.0	 0.0	22		
	3790.5	 0.0	 0.0	22		
	3793.5	 0.0	 0.0	22		
	3796.5	 0.0	 0.0	22		
	3799.5	 0.0	 0.0	22		
	3802.5	 0.0	 0.0	22		
	3805.5	 0.0	 0.0	22		
	3808.5	 0.0	 0.0	22		
	3811.5	300.0	 0.0	22		
	3814.5	300.0	 0.0	22		
	3817.5	300.0	 0.0	22		
	3820.5	300.0	 0.0	22		
	3823.5	300.0	 0.0	22		
	3826.5	300.0	 0.0	22		
	3829.5	300.0	 0.0	22		
	3832.5	 0.0	 0.0	22		
	3835.5	 0.0	 0.0	21		
	3838.5	 0.0	 0.0	21		
	3841.5	 0.0	 0.0	21		
	3844.5	 0.0	 0.0	21		
	3847.5	 0.0	 0.0	21		
	3850.5	 0.0	 0.0	21		
	3853.5	 0.0	 0.0	21		
	3856.5	 0.0	 0.0	21		
	3859.5	300.0	 0.0	21		
	3862.5	300.0	 0.0	21		
	3865.5	300.0	 0.0	21		
	3868.5	300.0	 0.0	21		
	3871.5	300.0	 0.0	21		
	3874.5	300.0	 0.0	21		
	3877.5	300.0	 0.0	21		
	3880.5	 0.0	 0.0	21		
	3883.5	 0.0	 0.0	20		
	3886.5	 0.0	 0.0	20		
	3889.5	 0.0	 0.0	20		
	3892.5	 0.0	 0.0	20		
	3895.5	 0.0	 0.0	20		
	3898.5	 0.0	 0.0	20		
	3901.5	 0.0	 0.0	20		
	3904.5	 0.0	 0.0	20		
	3907.5	300.0	 0.0	20		
	3910.5	300.0	 0.0	20		
	3913.5	300.0	 0.0	20		
	3916.5	300.0	 0.0	20		
	3919.5	300.0	 0.0	20		
	3922.5	300.0	 0.0	20		
	3925.5	300.0	 0.0	20		
	3928.5	 0.0	 0.0	20		
	3931.5	 0.0	 0.0	19		
	3934.5	 0.0	 0.0	19		
	3937.5	 0.0	 0.0	19		
	3940.5	 0.0	 0.0	19		
	3943.5	 0.0	 0.0	19		
	3946.5	 0.0	 0.0	19		
	3949.5	 0.0	 0.0	19		
	3952.5	 0.0	 0.0	19		
	3955.5	300.0	 0.0	19		
	3958.5	300.0	 0.0	19		
	3961.5	300.0	 0.0	19		
	3964.5	300.0	 0.0	19		
	3967.5	300.0	 0.0	19		
	3970.5	300.0	 0.0	19		
	3973.5	300.0	 0.0	19		
	3976.5	 0.0	 0.0	19		
	3979.5	 0.0	 0.0	18		
	3982.5	 0.0	 0.0	18		
	3985.5	 0.0	 0.0	18		
	3988.5	 0.0	 0.0	18		
	3991.5	 0.0	 0.0	18		
	3994.5	 0.0	 0.0	18		
	3997.5	 0.0	 0.0	18		
	4000.5	 0.0	 0.0	18		
	4003.5	300.0	 0.0	18		
	4006.5	300.0	 0.0	18		
	4009.5	300.0	 0.0	18		
	4012.5	300.0	 0.0	18		
	4015.5	300.0	 0.0	18		
	4018.5	300.0	 0.0	18		
	4021.5	 0.0	 0.0	18		
	4024.5	 0.0	 0.0	18		
	4027.5	 0.0	 0.0	17		
	4030.5	 0.0	 0.0	17		
	4033.5	 0.0	 0.0	17		
	4036.5	 0.0	 0.0	17		
	4039.5	 0.0	 0.0	17		
	4042.5	 0.0	 0.0	17		
	4045.5	 0.0	 0.0	17		
	4048.5	 0.0	 0.0	17		
	4051.5	300.0	 0.0	17		
	4054.5	300.0	 0.0	17		
	4057.5	300.0	 0.0	17		
	4060.5	300.0	 0.0	17		
	4063.5	300.0	 0.0	17		
	4066.5	300.0	 0.0	17		
	4069.5	 0.0	 0.0	17		
	4072.5	 0.0	 0.0	17		
	4075.5	 0.0	 0.0	16		
	4078.5	 0.0	 0.0	16		
	4081.5	 0.0	 0.0	16		
	4084.5	 0.0	 0.0	16		
	4087.5	 0.0	 0.0	16		
	4090.5	 0.0	 0.0	16		
	4093.5	 0.0	 0.0	16		
	4096.5	 0.0	 0.0	16		
	4099.5	300.0	 0.0	16		
	4102.5	300.0	 0.0	16		
	4105.5	300.0	 0.0	16		
	4108.5	300.0	 0.0	16		
	4111.5	300.0	 0.0	16		
	4114.5	300.0	 0.0	16		
	4117.5	 0.0	 0.0	16		
	4120.5	 0.0	 0.0	16		
	4123.5	 0.0	 0.0	15		
	4126.5	 0.0	 0.0	15		
	4129.5	 0.0	 0.0	15		
	4132.5	 0.0	 0.0	15		
	4135.5	 0.0	 0.0	15		
	4138.5	 0.0	 0.0	15		
	4141.5	 0.0	 0.0	15		
	4144.5	 0.0	 0.0	15		
	4147.5	300.0	 0.0	15		
	4150.5	300.0	 0.0	15		
	4153.5	300.0	 0.0	15		
	4156.5	300.0	 0.0	15		
	4159.5	300.0	 0.0	15		
	4162.5	300.0	 0.0	15		
	4165.5	 0.0	 0.0	15		
	4168.5	 0.0	 0.0	15		
	4171.5	 0.0	 0.0	14		
	4174.5	 0.0	 0.0	14		
	4177.5	 0.0	 0.0	14		
	4180.5	 0.0	 0.0	14		
	4183.5	 0.0	 0.0	14		
	4186.5	 0.0	 0.0	14		
	4189.5	 0.0	 0.0	14		
	4192.5	 0.0	 0.0	14		
	4195.5	300.0	 0.0	14		
	4198.5	300.0	 0.0	14		
	4201.5	300.0	 0.0	14		
	4204.5	300.0	 0.0	14		
	4207.5	300.0	 0.0	14		
	4210.5	300.0	 0.0	14		
	4213.5	 0.0	 0.0	14		
	4216.5	 0.0	 0.0	14		
	4219.5	 0.0	 0.0	13		
	4222.5	 0.0	 0.0	13		
	4225.5	 0.0	 0.0	13		
	4228.5	 0.0	 0.0	13		
	4231.5	 0.0	 0.0	13		
	4234.5	 0.0	 0.0	13		
	4237.5	 0.0	 0.0	13		
	4240.5	 0.0	 0.0	13		
	4243.5	300.0	 0.0	13		
	4246.5	300.0	 0.0	13		
	4249.5	300.0	 0.0	13		
	4252.5	300.0	 0.0	13		
	4255.5	300.0	 0.0	13		
	4258.5	300.0	 0.0	13		
	4261.5	 0.0	 0.0	13		
	4264.5	 0.0	 0.0	13		
	4267.5	 0.0	 0.0	12		
	4270.5	 0.0	 0.0	12		
	4273.5	 0.0	 0.0	12		
	4276.5	 0.0	 0.0	12		
	4279.5	 0.0	 0.0	12		
	4282.5	 0.0	 0.0	12		
	4285.5	 0.0	 0.0	12		
	4288.5	 0.0	 0.0	12		
	4291.5	300.0	 0.0	12		
	4294.5	300.0	 0.0	12		
	4297.5	300.0	 0.0	12		
	4300.5	300.0	 0.0	12		
	4303.5	300.0	 0.0	12		
	4306.5	300.0	 0.0	12		
	4309.5	 0.0	 0.0	12		
	4312.5	 0.0	 0.0	12		
	4315.5	 0.0	 0.0	11		
	4318.5	 0.0	 0.0	11		
	4321.5	 0.0	 0.0	11		
	4324.5	 0.0	 0.0	11		
	4327.5	 0.0	 0.0	11		
	4330.5	 0.0	 0.0	11		
	4333.5	 0.0	 0.0	11		
	4336.5	 0.0	 0.0	11		
	4339.5	300.0	 0.0	11		
	4342.5	300.0	 1.0	11		
	4345.5	300.0	 0.0	11		
	4348.5	300.0	 0.0	11		
	4351.5	300.0	 0.0	11		
	4354.5	300.0	 0.0	11		
	4357.5	 0.0	 0.0	11		
	4360.5	 0.0	 0.0	11		
	4363.5	 0.0	 0.0	10		
	4366.5	 0.0	 0.0	10		
	4369.5	 0.0	 0.0	10		
	4372.5	 0.0	 0.0	10		
	4375.5	 0.0	 0.0	10		
	4378.5	 0.0	 0.0	10		
	4381.5	 0.0	 0.0	10		
	4384.5	284.0	 0.0	10		
	4387.5	300.0	 0.0	10		
	4390.5	300.0	 0.0	10		
	4393.5	300.0	 0.0	10		
	4396.5	300.0	 0.0	10		
	4399.5	300.0	 0.0	10		
	4402.5	300.0	 0.0	10		
	4405.5	 0.0	 0.0	10		
	4408.5	 0.0	 0.0	10		
	4411.5	 0.0	 0.0	9		
	4414.5	 0.0	 0.0	9		
	4417.5	 0.0	 0.0	9		
	4420.5	 0.0	 0.0	9		
	4423.5	 0.0	 0.0	9		
	4426.5	 0.0	 0.0	9		
	4429.5	 0.0	 0.0	9		
	4432.5	289.0	 0.0	9		
	4435.5	300.0	 0.0	9		
	4438.5	300.0	 0.0	9		
	4441.5	300.0	 0.0	9		
	4444.5	300.0	 0.0	9		
	4447.5	300.0	 0.0	9		
	4450.5	300.0	 0.0	9		
	4453.5	 0.0	 0.0	9		
	4456.5	 0.0	 0.0	9		
	4459.5	 0.0	 0.0	8		
	4462.5	 0.0	 0.0	8		
	4465.5	 0.0	 0.0	8		
	4468.5	 0.0	 0.0	8		
	4471.5	 0.0	 0.0	8		
	4474.5	 0.0	 0.0	8		
	4477.5	 0.0	 0.0	8		
	4480.5	300.0	 0.0	8		
	4483.5	300.0	 0.0	8		
	4486.5	300.0	 0.0	8		
	4489.5	300.0	 0.0	8		
	4492.5	300.0	 0.0	8		
	4495.5	300.0	 0.0	8		
	4498.5	300.0	 0.0	8		
	4501.5	 0.0	 0.0	8		
	4504.5	 0.0	 0.0	8		
	4507.5	 0.0	 0.0	7		
	4510.5	 0.0	 0.0	7		
	4513.5	 0.0	 0.0	7		
	4516.5	 0.0	 0.0	7		
	4519.5	 0.0	 0.0	7		
	4522.5	 0.0	 0.0	7		
	4525.5	 0.0	 0.0	7		
	4528.5	300.0	 0.0	7		
	4531.5	300.0	 0.0	7		
	4534.5	300.0	 0.0	7		
	4537.5	300.0	 0.0	7		
	4540.5	300.0	 0.0	7		
	4543.5	300.0	 0.0	7		
	4546.5	300.0	 0.0	7		
	4549.5	 0.0	 0.0	7		
	4552.5	 0.0	 0.0	7		
	4555.5	 0.0	 0.0	6		
	4558.5	 0.0	 0.0	6		
	4561.5	 0.0	 0.0	6		
	4564.5	 0.0	 0.0	6		
	4567.5	 0.0	 0.0	6		
	4570.5	 0.0	 0.0	6		
	4573.5	 0.0	 0.0	6		
	4576.5	300.0	 0.0	6		
	4579.5	300.0	 0.0	6		
	4582.5	300.0	 0.0	6		
	4585.5	300.0	 0.0	6		
	4588.5	300.0	 0.0	6		
	4591.5	300.0	 0.0	6		
	4594.5	300.0	 0.0	6		
	4597.5	 0.0	 0.0	6		
	4600.5	 0.0	 0.0	6		
	4603.5	 0.0	 0.0	5		
	4606.5	 0.0	 0.0	5		
	4609.5	 0.0	 0.0	5		
	4612.5	 0.0	 0.0	5		
	4615.5	 0.0	 0.0	5		
	4618.5	 0.0	 0.0	5		
	4621.5	 0.0	 0.0	5		
	4624.5	300.0	 0.0	5		
	4627.5	300.0	 0.0	5		
	4630.5	300.0	 0.0	5		
	4633.5	300.0	 0.0	5		
	4636.5	300.0	 0.0	5		
	4639.5	300.0	 0.0	5		
	4642.5	300.0	 0.0	5		
	4645.5	 0.0	 0.0	5		
	4648.5	 0.0	 0.0	5		
	4651.5	 0.0	 0.0	4		
	4654.5	 0.0	 0.0	4		
	4657.5	 0.0	 0.0	4		
	4660.5	 0.0	 0.0	4		
	4663.5	 0.0	 0.0	4		
	4666.5	 0.0	 0.0	4		
	4669.5	 0.0	 0.0	4		
	4672.5	300.0	 0.0	4		
	4675.5	300.0	 0.0	4		
	4678.5	300.0	 0.0	4		
	4681.5	300.0	 0.0	4		
	4684.5	300.0	 0.0	4		
	4687.5	300.0	 0.0	4		
	4690.5	300.0	 0.0	4		
	4693.5	 0.0	 0.0	4		
	4696.5	 0.0	 0.0	4		goto;015100
	4699.5	 0.0	 0.0	3		
	4702.5	 0.0	 0.0	3		
	4705.5	 0.0	 0.0	3		
	4708.5	 0.0	 0.0	3		
	4711.5	 0.0	 0.0	3		
	4714.5	 0.0	 0.0	3		
	4717.5	 0.0	 0.0	3		
	4720.5	300.0	 0.0	3		
	4723.5	300.0	 0.0	3		
	4726.5	300.0	 0.0	3		
	4729.5	300.0	 0.0	3		
	4732.5	300.0	 0.0	3		
	4735.5	300.0	 0.0	3		
	4738.5	300.0	 0.0	3		
	4741.5	 0.0	 0.0	3		
	4744.5	 0.0	 0.0	2		
	4747.5	 0.0	 0.0	2		
	4750.5	 0.0	 0.0	2		
	4753.5	 0.0	 0.0	2		
	4756.5	 0.0	 0.0	2		
	4759.5	 0.0	 0.0	2		
	4762.5	 0.0	 0.0	2		
	4765.5	 0.0	 0.0	2		
	4768.5	300.0	 0.0	2		
	4771.5	300.0	 0.0	2		
	4774.5	300.0	 0.0	2		
	4777.5	300.0	 0.0	2		
	4780.5	300.0	 0.0	2		
	4783.5	300.0	 0.0	2		
	4786.5	300.0	 0.0	2		
	4789.5	 0.0	 0.0	2		
	4792.5	 0.0	 0.0	1		
	4795.5	 0.0	 0.0	1		
	4798.5	 0.0	 0.0	1		
	4801.5	 0.0	 0.0	1		
	4804.5	 0.0	 0.0	1		
	4807.5	 0.0	 0.0	1		
	4810.5	 0.0	 0.0	1		
	4813.5	 0.0	 0.0	1		
	4816.5	300.0	 0.0	1		
	4819.5	300.0	 0.0	1		
	4822.5	300.0	 0.0	1		
	4825.5	300.0	 0.0	1		
	4828.5	300.0	 0.0	1		
	4831.5	300.0	 1.0	1		
	4834.5	300.0	 1.0	1		
	4837.5	 0.0	 0.0	1		
	4840.5	 0.0	 0.0	0		
