	RF Time	For Pwr (W) 	Refl Pwr (W)	Cycles Remaining	Recipe	Loop
	 2.1	 0.0	 0.0	188		
	 5.1	 0.0	 0.0	188		
	 8.1	 0.0	 0.0	188		
	11.1	 0.0	 0.0	188		
	14.1	 0.0	 0.0	188		
	17.1	 0.0	 0.0	188		
	20.1	 0.0	 0.0	188		
	23.1	 0.0	 0.0	188		
	26.1	 0.0	 0.0	188		
	29.1	 0.0	 0.0	188		
	32.1	 0.0	 0.0	188		
	35.1	 0.0	 0.0	188		
	38.1	 0.0	 0.0	188		
	41.1	 0.0	 0.0	188		
	44.1	 0.0	 0.0	188		
	47.1	 0.0	 0.0	188		
	50.1	 0.0	 0.0	188		
	53.1	 0.0	 0.0	188		
	56.1	 0.0	 0.0	188		
	59.1	 0.0	 0.0	188		
	62.1	 0.0	 0.0	188		
	65.1	 0.0	 0.0	188		
	68.1	 0.0	 0.0	188		
	71.1	 0.0	 0.0	188		
	74.1	 0.0	 0.0	188		
	77.1	 0.0	 0.0	188		
	80.1	 0.0	 0.0	188		
	83.1	 0.0	 0.0	188		
	86.1	 0.0	 0.0	188		
	89.1	 0.0	 0.0	188		
	92.1	 0.0	 0.0	188		
	95.1	 0.0	 0.0	188		
	98.1	 0.0	 0.0	188		
	101.1	 0.0	 0.0	188		
	104.1	 0.0	 0.0	188		
	107.1	 0.0	 0.0	188		
	110.1	 0.0	 0.0	188		
	113.1	 0.0	 0.0	188		
	116.1	 0.0	 0.0	188		
	119.1	 0.0	 0.0	188		
	122.1	 0.0	 0.0	188		
	125.1	 0.0	 0.0	188		
	128.1	 0.0	 0.0	188		
	131.1	 0.0	 0.0	188		
	134.1	 0.0	 0.0	188		
	137.1	 0.0	 0.0	188		
	140.1	 0.0	 0.0	188		
	143.1	 0.0	 0.0	188		
	146.1	 0.0	 0.0	188		
	149.1	 0.0	 0.0	188		
	152.1	 0.0	 0.0	188		
	155.1	 0.0	 0.0	188		
	158.1	 0.0	 0.0	188		
	161.1	 0.0	 0.0	188		
	164.1	 0.0	 0.0	188		
	167.1	 0.0	 0.0	188		
	170.1	 0.0	 0.0	188		
	173.1	 0.0	 0.0	188		
	176.1	 0.0	 0.0	188		
	179.1	 0.0	 0.0	188		
	182.1	 0.0	 0.0	188		
	185.1	 0.0	 0.0	188		
	188.1	 0.0	 0.0	188		
	191.1	 0.0	 0.0	188		
	194.1	 0.0	 0.0	188		
	197.1	 0.0	 0.0	188		
	200.1	 0.0	 0.0	188		
	203.1	 0.0	 0.0	188		
	206.1	 0.0	 0.0	188		
	209.1	 0.0	 0.0	188		
	212.1	 0.0	 0.0	188		
	215.1	 0.0	 0.0	188		
	218.1	 0.0	 0.0	188		
	221.1	 0.0	 0.0	188		
	224.1	 0.0	 0.0	188		
	227.1	 0.0	 0.0	188		
	230.1	 0.0	 0.0	188		
	233.1	 0.0	 0.0	188		
	236.1	 0.0	 0.0	188		
	239.1	 0.0	 0.0	188		
	242.1	 0.0	 0.0	188		
	245.1	 0.0	 0.0	188		
	248.1	 0.0	 0.0	188		
	251.1	 0.0	 0.0	188		
	254.1	 0.0	 0.0	188		
	257.1	 0.0	 0.0	188		
	260.1	 0.0	 0.0	188		
	263.1	 0.0	 0.0	188		
	266.1	 0.0	 0.0	188		
	269.1	 0.0	 0.0	188		
	272.1	 0.0	 0.0	188		
	275.1	 0.0	 0.0	188		
	278.1	 0.0	 0.0	188		
	281.1	 0.0	 0.0	188		
	284.1	 0.0	 0.0	188		
	287.1	 0.0	 0.0	188		
	290.1	 0.0	 0.0	188		
	293.1	 0.0	 0.0	188		
	296.1	 0.0	 0.0	188		
	299.1	 0.0	 0.0	188		
	302.1	 0.0	 0.0	188		
	305.1	 0.0	 0.0	188		
	308.1	 0.0	 0.0	188		
	311.1	 0.0	 0.0	188		
	314.1	 0.0	 0.0	188		
	317.1	 0.0	 0.0	188		
	320.1	 0.0	 0.0	188		
	323.1	 0.0	 0.0	188		
	326.1	 0.0	 0.0	188		
	329.1	 0.0	 0.0	188		
	332.1	 0.0	 0.0	188		
	335.1	 0.0	 0.0	188		
	338.1	 0.0	 0.0	188		
	341.1	 0.0	 0.0	188		
	344.1	119.0	50.0	188		
	347.1	300.0	 0.0	188		
	350.1	300.0	 0.0	188		
	353.1	300.0	 0.0	188		
	356.1	300.0	 0.0	188		
	359.1	300.0	 0.0	188		
	362.1	300.0	33.0	188		
	365.1	 0.0	 0.0	188		
	368.1	 0.0	 0.0	188		
	371.1	 0.0	 0.0	188		
	374.1	 0.0	 0.0	188		
	377.1	 0.0	 0.0	188		
	380.1	 0.0	 0.0	188		
	383.1	 0.0	 0.0	188		
	386.1	 0.0	 0.0	3		
	389.1	 0.0	 0.0	3		
	392.1	 0.0	 0.0	3		
	395.1	 0.0	 0.0	3		
	398.1	 0.0	 0.0	3		
	401.1	 0.0	 0.0	3		
	404.1	 0.0	 0.0	3		
	407.1	300.0	28.0	3		
	410.1	300.0	 3.0	3		
	413.1	300.0	 3.0	3		
	416.1	300.0	 3.0	3		
	419.1	300.0	 3.0	3		
	422.1	300.0	 3.0	3		
	425.1	300.0	 3.0	3		
	428.1	 0.0	 0.0	3		
	431.1	 0.0	 0.0	3		
	434.1	 0.0	 0.0	3		
	437.1	 0.0	 0.0	3		
	440.1	 0.0	 0.0	3		
	443.1	 0.0	 0.0	3		
	446.1	 0.0	 0.0	2		
	449.1	 0.0	 0.0	2		
	452.1	 0.0	 0.0	2		
	455.1	 0.0	 0.0	2		
	458.1	 0.0	 0.0	2		
	461.1	 0.0	 0.0	2		
	464.1	 0.0	 0.0	2		
	467.1	 0.0	 0.0	2		
	470.1	300.0	 3.0	2		
	473.1	300.0	 3.0	2		
	476.1	300.0	 3.0	2		
	479.1	300.0	 3.0	2		
	482.1	300.0	 3.0	2		
	485.1	300.0	 3.0	2		
	488.1	 0.0	 0.0	2		
	491.1	 0.0	 0.0	2		
	494.1	 0.0	 0.0	2		
	497.1	 0.0	 0.0	2		
	500.1	 0.0	 0.0	2		
	503.1	 0.0	 0.0	2		
	506.1	 0.0	 0.0	2		
	509.1	 0.0	 0.0	1		
	512.1	 0.0	 0.0	1		
	515.1	 0.0	 0.0	1		
	518.1	 0.0	 0.0	1		
	521.1	 0.0	 0.0	1		
	524.1	 0.0	 0.0	1		
	527.1	 0.0	 0.0	1		
	530.1	216.0	16.0	1		
	533.1	300.0	 0.0	1		
	536.1	300.0	 0.0	1		
	539.1	300.0	 0.0	1		
	542.1	300.0	 0.0	1		
	545.1	300.0	 0.0	1		
	548.1	300.0	 0.0	1		
	551.1	 0.0	 0.0	1		
	554.1	 0.0	 0.0	1		
	557.1	 0.0	 0.0	1		
	560.1	 0.0	 0.0	1		
	563.1	 0.0	 0.0	1		
	566.1	 0.0	 0.0	1		
	569.1	 0.0	 0.0	0		
	572.1	 0.0	 0.0	0		
	575.1	 0.0	 0.0	0		
	578.1	 0.0	 0.0	0		
	581.1	 0.0	 0.0	0		
	584.1	 0.0	 0.0	0		
	587.1	 0.0	 0.0	0		
	590.1	 0.0	 0.0	0		
	593.1	 0.0	 0.0	0		
	596.1	300.0	 5.0	0		
	599.1	300.0	 3.0	0		
	602.1	300.0	 3.0	0		
	605.1	 0.0	 0.0	0		
	608.1	 0.0	 0.0	0		
	611.1	 0.0	 0.0	0		
	614.1	 0.0	 0.0	0		
	617.1	 0.0	 0.0	0		
	620.1	 0.0	 0.0	0		
	623.1	 0.0	 0.0	0		
	626.1	 0.0	 0.0	0		
	629.1	 0.0	 0.0	0		
	632.1	 0.0	 0.0	0		
	635.1	 0.0	 0.0	0		
	638.1	 0.0	 0.0	0		
	641.1	 0.0	 0.0	0		
	644.1	 0.0	 0.0	0		
	647.1	320.0	16.0	0		
	650.1	300.0	 3.0	0		
	653.1	300.0	 3.0	0		
	656.1	300.0	 3.0	0		
	659.1	300.0	 3.0	0		
	662.1	300.0	 3.0	0		
	665.1	300.0	 3.0	0		
	668.1	 0.0	 0.0	0		
	671.1	 0.0	 0.0	0		
	674.1	 0.0	 0.0	0		
	677.1	 0.0	 0.0	0		
	680.1	 0.0	 0.0	0		
	683.1	 0.0	 0.0	0		
	686.1	 0.0	 0.0	7		
	689.1	 0.0	 0.0	7		
	692.1	 0.0	 0.0	7		
	695.1	 0.0	 0.0	7		
	698.1	 0.0	 0.0	7		
	701.1	 0.0	 0.0	7		
	704.1	 0.0	 0.0	7		
	707.1	 0.0	 0.0	7		
	710.1	300.0	 0.0	7		
	713.1	300.0	 0.0	7		
	716.1	300.0	 0.0	7		
	719.1	300.0	 0.0	7		
	722.1	300.0	 0.0	7		
	725.1	300.0	 0.0	7		
	728.1	 0.0	 0.0	7		
	731.1	 0.0	 0.0	7		
	734.1	 0.0	 0.0	7		
	737.1	 0.0	 0.0	7		
	740.1	 0.0	 0.0	7		
	743.1	 0.0	 0.0	7		
	746.1	 0.0	 0.0	7		
	749.1	 0.0	 0.0	6		
	752.1	 0.0	 0.0	6		
	755.1	 0.0	 0.0	6		
	758.1	 0.0	 0.0	6		
	761.1	 0.0	 0.0	6		
	764.1	 0.0	 0.0	6		
	767.1	 0.0	 0.0	6		
	770.1	300.0	 1.0	6		
	773.1	300.0	 0.0	6		
	776.1	300.0	 0.0	6		
	779.1	300.0	 0.0	6		
	782.1	300.0	 0.0	6		
	785.1	300.0	 0.0	6		
	788.1	300.0	 0.0	6		
	791.1	 0.0	 0.0	6		
	794.1	 0.0	 0.0	6		
	797.1	 0.0	 0.0	6		
	800.1	 0.0	 0.0	6		
	803.1	 0.0	 0.0	6		
	806.1	 0.0	 0.0	6		
	809.1	 0.0	 0.0	5		
	812.1	 0.0	 0.0	5		
	815.1	 0.0	 0.0	5		
	818.1	 0.0	 0.0	5		
	821.1	 0.0	 0.0	5		
	824.1	 0.0	 0.0	5		
	827.1	 0.0	 0.0	5		
	830.1	 0.0	 0.0	5		
	833.1	300.0	 0.0	5		
	836.1	300.0	 0.0	5		
	839.1	300.0	 0.0	5		
	842.1	300.0	 0.0	5		
	845.1	300.0	 0.0	5		
	848.1	300.0	 0.0	5		
	851.1	 0.0	 0.0	5		
	854.1	 0.0	 0.0	5		
	857.1	 0.0	 0.0	5		
	860.1	 0.0	 0.0	5		
	863.1	 0.0	 0.0	5		
	866.1	 0.0	 0.0	5		
	869.1	 0.0	 0.0	5		
	872.1	 0.0	 0.0	4		
	875.1	 0.0	 0.0	4		
	878.1	 0.0	 0.0	4		
	881.1	 0.0	 0.0	4		
	884.1	 0.0	 0.0	4		
	887.1	 0.0	 0.0	4		
	890.1	 0.0	 0.0	4		
	893.1	223.0	16.0	4		
	896.1	300.0	 0.0	4		
	899.1	300.0	 0.0	4		
	902.1	300.0	 0.0	4		
	905.1	300.0	 0.0	4		
	908.1	300.0	 0.0	4		
	911.1	300.0	 0.0	4		
	914.1	 0.0	 0.0	4		
	917.1	 0.0	 0.0	4		
	920.1	 0.0	 0.0	4		
	923.1	 0.0	 0.0	4		
	926.1	 0.0	 0.0	4		
	929.1	 0.0	 0.0	4		
	932.1	 0.0	 0.0	4		
	935.1	 0.0	 0.0	3		
	938.1	 0.0	 0.0	3		
	941.1	 0.0	 0.0	3		
	944.1	 0.0	 0.0	3		
	947.1	 0.0	 0.0	3		
	950.1	 0.0	 0.0	3		
	953.1	 0.0	 0.0	3		
	956.1	300.0	 1.0	3		
	959.1	300.0	 0.0	3		
	962.1	300.0	 0.0	3		
	965.1	300.0	 0.0	3		
	968.1	300.0	 0.0	3		
	971.1	300.0	 0.0	3		
	974.1	300.0	 0.0	3		
	977.1	 0.0	 0.0	3		
	980.1	 0.0	 0.0	3		
	983.1	 0.0	 0.0	3		
	986.1	 0.0	 0.0	3		
	989.1	 0.0	 0.0	3		
	992.1	 0.0	 0.0	3		
	995.1	 0.0	 0.0	2		
	998.1	 0.0	 0.0	2		
	1001.1	 0.0	 0.0	2		
	1004.1	 0.0	 0.0	2		
	1007.1	 0.0	 0.0	2		
	1010.1	 0.0	 0.0	2		
	1013.1	 0.0	 0.0	2		
	1016.1	153.0	50.0	2		
	1019.1	300.0	 3.0	2		
	1022.1	300.0	 3.0	2		
	1025.1	300.0	 3.0	2		
	1028.1	300.0	 3.0	2		
	1031.1	300.0	 3.0	2		
	1034.1	300.0	 3.0	2		
	1037.1	 0.0	 0.0	2		
	1040.1	 0.0	 0.0	2		
	1043.1	 0.0	 0.0	2		
	1046.1	 0.0	 0.0	2		
	1049.1	 0.0	 0.0	2		
	1052.1	 0.0	 0.0	2		
	1055.1	 0.0	 0.0	2		
	1058.1	 0.0	 0.0	1		
	1061.1	 0.0	 0.0	1		
	1064.1	 0.0	 0.0	1		
	1067.1	 0.0	 0.0	1		
	1070.1	 0.0	 0.0	1		
	1073.1	 0.0	 0.0	1		
	1076.1	 0.0	 0.0	1		
	1079.1	318.0	11.0	1		
	1082.1	300.0	 2.0	1		
	1085.1	300.0	 3.0	1		
	1088.1	300.0	 3.0	1		
	1091.1	300.0	 3.0	1		
	1094.1	300.0	 3.0	1		
	1097.1	300.0	 3.0	1		
	1100.1	 0.0	 0.0	1		
	1103.1	 0.0	 0.0	1		
	1106.1	 0.0	 0.0	1		
	1109.1	 0.0	 0.0	1		
	1112.1	 0.0	 0.0	1		
	1115.1	 0.0	 0.0	1		
	1118.1	 0.0	 0.0	19		
	1121.1	 0.0	 0.0	19		
	1124.1	 0.0	 0.0	19		
	1127.1	 0.0	 0.0	19		
	1130.1	 0.0	 0.0	19		
	1133.1	 0.0	 0.0	19		
	1136.1	 0.0	 0.0	19		
	1139.1	 0.0	 0.0	19		
	1142.1	 0.0	 0.0	19		
	1145.1	300.0	 3.0	19		
	1148.1	300.0	 3.0	19		
	1151.1	300.0	 3.0	19		
	1154.1	 0.0	 0.0	19		
	1157.1	 0.0	 0.0	19		
	1160.1	 0.0	 0.0	19		
	1163.1	 0.0	 0.0	19		
	1166.1	 0.0	 0.0	19		
	1169.1	 0.0	 0.0	19		
	1172.1	 0.0	 0.0	19		
	1175.1	 0.0	 0.0	19		
	1178.1	 0.0	 0.0	19		
	1181.1	 0.0	 0.0	19		
	1184.1	 0.0	 0.0	19		
	1187.1	 0.0	 0.0	19		
	1190.1	 0.0	 0.0	19		
	1193.1	 0.0	 0.0	19		
	1196.1	300.0	 4.0	19		
	1199.1	300.0	 2.0	19		
	1202.1	300.0	 3.0	19		
	1205.1	300.0	 3.0	19		
	1208.1	300.0	 3.0	19		
	1211.1	300.0	 3.0	19		
	1214.1	300.0	 3.0	19		
	1217.1	 0.0	 0.0	19		
	1220.1	 0.0	 0.0	19		
	1223.1	 0.0	 0.0	19		
	1226.1	 0.0	 0.0	19		
	1229.1	 0.0	 0.0	19		
	1232.1	 0.0	 0.0	19		
	1235.1	 0.0	 0.0	7		
	1238.1	 0.0	 0.0	7		
	1241.1	 0.0	 0.0	7		
	1244.1	 0.0	 0.0	7		
	1247.1	 0.0	 0.0	7		
	1250.1	 0.0	 0.0	7		
	1253.1	 0.0	 0.0	7		
	1256.1	129.0	50.0	7		
	1259.1	300.0	 3.0	7		
	1262.1	300.0	 3.0	7		
	1265.1	300.0	 3.0	7		
	1268.1	300.0	 3.0	7		
	1271.1	300.0	 3.0	7		
	1274.1	300.0	 3.0	7		
	1277.1	 0.0	 0.0	7		
	1280.1	 0.0	 0.0	7		
	1283.1	 0.0	 0.0	7		
	1286.1	 0.0	 0.0	7		
	1289.1	 0.0	 0.0	7		
	1292.1	 0.0	 0.0	7		
	1295.1	 0.0	 0.0	7		
	1298.1	 0.0	 0.0	6		
	1301.1	 0.0	 0.0	6		
	1304.1	 0.0	 0.0	6		
	1307.1	 0.0	 0.0	6		
	1310.1	 0.0	 0.0	6		
	1313.1	 0.0	 0.0	6		
	1316.1	 0.0	 0.0	6		
	1319.1	313.0	 8.0	6		
	1322.1	300.0	 2.0	6		
	1325.1	300.0	 3.0	6		
	1328.1	300.0	 3.0	6		
	1331.1	300.0	 3.0	6		
	1334.1	300.0	 3.0	6		
	1337.1	300.0	 3.0	6		
	1340.1	 0.0	 0.0	6		
	1343.1	 0.0	 0.0	6		
	1346.1	 0.0	 0.0	6		
	1349.1	 0.0	 0.0	6		
	1352.1	 0.0	 0.0	6		
	1355.1	 0.0	 0.0	6		
	1358.1	 0.0	 0.0	5		
	1361.1	 0.0	 0.0	5		
	1364.1	 0.0	 0.0	5		
	1367.1	 0.0	 0.0	5		
	1370.1	 0.0	 0.0	5		
	1373.1	 0.0	 0.0	5		
	1376.1	 0.0	 0.0	5		
	1379.1	88.0	50.0	5		
	1382.1	300.0	 3.0	5		
	1385.1	300.0	 3.0	5		
	1388.1	300.0	 3.0	5		
	1391.1	300.0	 3.0	5		
	1394.1	300.0	 3.0	5		
	1397.1	300.0	 3.0	5		
	1400.1	 0.0	 0.0	5		
	1403.1	 0.0	 0.0	5		
	1406.1	 0.0	 0.0	5		
	1409.1	 0.0	 0.0	5		
	1412.1	 0.0	 0.0	5		
	1415.1	 0.0	 0.0	5		
	1418.1	 0.0	 0.0	5		
	1421.1	 0.0	 0.0	4		
	1424.1	 0.0	 0.0	4		
	1427.1	 0.0	 0.0	4		
	1430.1	 0.0	 0.0	4		
	1433.1	 0.0	 0.0	4		
	1436.1	 0.0	 0.0	4		
	1439.1	 0.0	 0.0	4		
	1442.1	300.0	23.0	4		
	1445.1	300.0	 3.0	4		
	1448.1	300.0	 3.0	4		
	1451.1	300.0	 3.0	4		
	1454.1	300.0	 3.0	4		
	1457.1	300.0	 3.0	4		
	1460.1	300.0	 3.0	4		
	1463.1	 0.0	 0.0	4		
	1466.1	 0.0	 0.0	4		
	1469.1	 0.0	 0.0	4		
	1472.1	 0.0	 0.0	4		
	1475.1	 0.0	 0.0	4		
	1478.1	 0.0	 0.0	4		
	1481.1	 0.0	 0.0	3		
	1484.1	 0.0	 0.0	3		
	1487.1	 0.0	 0.0	3		
	1490.1	 0.0	 0.0	3		
	1493.1	 0.0	 0.0	3		
	1496.1	 0.0	 0.0	3		
	1499.1	 0.0	 0.0	3		
	1502.1	 0.0	 0.0	3		
	1505.1	300.0	 3.0	3		
	1508.1	300.0	 3.0	3		
	1511.1	300.0	 3.0	3		
	1514.1	300.0	 3.0	3		
	1517.1	300.0	 3.0	3		
	1520.1	300.0	 3.0	3		
	1523.1	 0.0	 0.0	3		
	1526.1	 0.0	 0.0	3		
	1529.1	 0.0	 0.0	3		
	1532.1	 0.0	 0.0	3		
	1535.1	 0.0	 0.0	3		
	1538.1	 0.0	 0.0	3		
	1541.1	 0.0	 0.0	3		
	1544.1	 0.0	 0.0	2		
	1547.1	 0.0	 0.0	2		
	1550.1	 0.0	 0.0	2		
	1553.1	 0.0	 0.0	2		
	1556.1	 0.0	 0.0	2		
	1559.1	 0.0	 0.0	2		
	1562.1	 0.0	 0.0	2		
	1565.1	257.0	15.0	2		
	1568.1	300.0	 0.0	2		
	1571.1	300.0	 0.0	2		
	1574.1	300.0	 0.0	2		
	1577.1	300.0	 0.0	2		
	1580.1	300.0	 0.0	2		
	1583.1	300.0	 0.0	2		
	1586.1	 0.0	 0.0	2		
	1589.1	 0.0	 0.0	2		
	1592.1	 0.0	 0.0	2		
	1595.1	 0.0	 0.0	2		
	1598.1	 0.0	 0.0	2		
	1601.1	 0.0	 0.0	2		
	1604.1	 0.0	 0.0	2		goto;1348
	1607.1	 0.0	 0.0	1		
	1610.1	 0.0	 0.0	1		
	1613.1	 0.0	 0.0	1		
	1616.1	 0.0	 0.0	1		
	1619.1	 0.0	 0.0	1		
	1622.1	 0.0	 0.0	1		
	1625.1	 0.0	 0.0	1		
	1628.1	300.0	 4.0	1		
	1631.1	300.0	 3.0	1		
	1634.1	300.0	 3.0	1		
	1637.1	300.0	 3.0	1		
	1640.1	300.0	 3.0	1		
	1643.1	300.0	 3.0	1		
	1646.1	 0.0	 0.0	1		
	1649.1	 0.0	 0.0	1		
	1652.1	 0.0	 0.0	1		
	1655.1	 0.0	 0.0	1		
	1658.1	 0.0	 0.0	1		
	1661.1	 0.0	 0.0	1		
	1664.1	 0.0	 0.0	1		
	1667.1	 0.0	 0.0	18		
	1670.1	 0.0	 0.0	18		
	1673.1	 0.0	 0.0	18		
	1676.1	 0.0	 0.0	18		
	1679.1	 0.0	 0.0	18		
	1682.1	 0.0	 0.0	18		
	1685.1	 0.0	 0.0	18		
	1688.1	 0.0	 0.0	18		
	1691.1	149.0	50.0	18		
	1694.1	300.0	 3.0	18		
	1697.1	300.0	 3.0	18		
	1700.1	300.0	 3.0	18		
	1703.1	 0.0	 0.0	18		
	1706.1	 0.0	 0.0	18		
	1709.1	 0.0	 0.0	18		
	1712.1	 0.0	 0.0	18		
	1715.1	 0.0	 0.0	18		
	1718.1	 0.0	 0.0	18		
	1721.1	 0.0	 0.0	18		
	1724.1	 0.0	 0.0	18		
	1727.1	 0.0	 0.0	18		
	1730.1	 0.0	 0.0	18		
	1733.1	 0.0	 0.0	18		
	1736.1	 0.0	 0.0	18		
	1739.1	 0.0	 0.0	18		
	1742.1	 0.0	 0.0	18		
	1745.1	300.0	 3.0	18		
	1748.1	300.0	 3.0	18		
	1751.1	300.0	 3.0	18		
	1754.1	300.0	 3.0	18		
	1757.1	300.0	 3.0	18		
	1760.1	300.0	 3.0	18		
	1763.1	 0.0	 0.0	18		
	1766.1	 0.0	 0.0	18		
	1769.1	 0.0	 0.0	18		
	1772.1	 0.0	 0.0	18		
	1775.1	 0.0	 0.0	18		
	1778.1	 0.0	 0.0	18		
	1781.1	 0.0	 0.0	18		
	1784.1	 0.0	 0.0	7		
	1787.1	 0.0	 0.0	7		
	1790.1	 0.0	 0.0	7		
	1793.1	 0.0	 0.0	7		
	1796.1	 0.0	 0.0	7		
	1799.1	 0.0	 0.0	7		
	1802.1	 0.0	 0.0	7		
	1805.1	282.0	34.0	7		
	1808.1	300.0	 3.0	7		
	1811.1	300.0	 3.0	7		
	1814.1	300.0	 3.0	7		
	1817.1	300.0	 3.0	7		
	1820.1	300.0	 3.0	7		
	1823.1	300.0	 3.0	7		
	1826.1	 0.0	 0.0	7		
	1829.1	 0.0	 0.0	7		
	1832.1	 0.0	 0.0	7		
	1835.1	 0.0	 0.0	7		
	1838.1	 0.0	 0.0	7		
	1841.1	 0.0	 0.0	7		
	1844.1	 0.0	 0.0	6		
	1847.1	 0.0	 0.0	6		
	1850.1	 0.0	 0.0	6		
	1853.1	 0.0	 0.0	6		
	1856.1	 0.0	 0.0	6		
	1859.1	 0.0	 0.0	6		
	1862.1	 0.0	 0.0	6		
	1865.1	 0.0	 0.0	6		
	1868.1	300.0	 4.0	6		
	1871.1	300.0	 3.0	6		
	1874.1	300.0	 3.0	6		
	1877.1	300.0	 3.0	6		
	1880.1	300.0	 3.0	6		
	1883.1	300.0	 3.0	6		
	1886.1	 0.0	 0.0	6		
	1889.1	 0.0	 0.0	6		
	1892.1	 0.0	 0.0	6		
	1895.1	 0.0	 0.0	6		
	1898.1	 0.0	 0.0	6		
	1901.1	 0.0	 0.0	6		
	1904.1	 0.0	 0.0	6		
	1907.1	 0.0	 0.0	5		
	1910.1	 0.0	 0.0	5		
	1913.1	 0.0	 0.0	5		
	1916.1	 0.0	 0.0	5		
	1919.1	 0.0	 0.0	5		
	1922.1	 0.0	 0.0	5		
	1925.1	 0.0	 0.0	5		
	1928.1	238.0	50.0	5		
	1931.1	300.0	 1.0	5		
	1934.1	300.0	 1.0	5		
	1937.1	300.0	 1.0	5		
	1940.1	300.0	 1.0	5		
	1943.1	300.0	 1.0	5		
	1946.1	300.0	 1.0	5		
	1949.1	 0.0	 0.0	5		
	1952.1	 0.0	 0.0	5		
	1955.1	 0.0	 0.0	5		
	1958.1	 0.0	 0.0	5		
	1961.1	 0.0	 0.0	5		
	1964.1	 0.0	 0.0	5		
	1967.1	 0.0	 0.0	5		
	1970.1	 0.0	 0.0	4		
	1973.1	 0.0	 0.0	4		
	1976.1	 0.0	 0.0	4		
	1979.1	 0.0	 0.0	4		
	1982.1	 0.0	 0.0	4		
	1985.1	 0.0	 0.0	4		
	1988.1	 0.0	 0.0	4		
	1991.1	300.0	 2.0	4		
	1994.1	300.0	 2.0	4		
	1997.1	300.0	 3.0	4		
	2000.1	300.0	 3.0	4		
	2003.1	300.0	 3.0	4		
	2006.1	300.0	 3.0	4		
	2009.1	300.0	 3.0	4		
	2012.1	 0.0	 0.0	4		
	2015.1	 0.0	 0.0	4		
	2018.1	 0.0	 0.0	4		
	2021.1	 0.0	 0.0	4		
	2024.1	 0.0	 0.0	4		
	2027.1	 0.0	 0.0	4		
	2030.1	 0.0	 0.0	3		
	2033.1	 0.0	 0.0	3		
	2036.1	 0.0	 0.0	3		
	2039.1	 0.0	 0.0	3		
	2042.1	 0.0	 0.0	3		
	2045.1	 0.0	 0.0	3		
	2048.1	 0.0	 0.0	3		
	2051.1	127.0	50.0	3		
	2054.1	300.0	 0.0	3		
	2057.1	300.0	 0.0	3		
	2060.1	300.0	 0.0	3		
	2063.1	300.0	 0.0	3		
	2066.1	300.0	 0.0	3		
	2069.1	300.0	 0.0	3		
	2072.1	 0.0	 0.0	3		
	2075.1	 0.0	 0.0	3		
	2078.1	 0.0	 0.0	3		
	2081.1	 0.0	 0.0	3		
	2084.1	 0.0	 0.0	3		
	2087.1	 0.0	 0.0	3		
	2090.1	 0.0	 0.0	3		
	2093.1	 0.0	 0.0	2		
	2096.1	 0.0	 0.0	2		
	2099.1	 0.0	 0.0	2		
	2102.1	 0.0	 0.0	2		
	2105.1	 0.0	 0.0	2		
	2108.1	 0.0	 0.0	2		
	2111.1	 0.0	 0.0	2		
	2114.1	328.0	 0.0	2		
	2117.1	300.0	 0.0	2		
	2120.1	300.0	 0.0	2		
	2123.1	300.0	 0.0	2		
	2126.1	300.0	 0.0	2		
	2129.1	300.0	 0.0	2		
	2132.1	300.0	 0.0	2		
	2135.1	 0.0	 0.0	2		
	2138.1	 0.0	 0.0	2		
	2141.1	 0.0	 0.0	2		
	2144.1	 0.0	 0.0	2		
	2147.1	 0.0	 0.0	2		
	2150.1	 0.0	 0.0	2		
	2153.1	 0.0	 0.0	1		
	2156.1	 0.0	 0.0	1		
	2159.1	 0.0	 0.0	1		
	2162.1	 0.0	 0.0	1		
	2165.1	 0.0	 0.0	1		
	2168.1	 0.0	 0.0	1		
	2171.1	 0.0	 0.0	1		
	2174.1	 0.0	 0.0	1		
	2177.1	300.0	 3.0	1		
	2180.1	300.0	 3.0	1		
	2183.1	300.0	 3.0	1		
	2186.1	300.0	 3.0	1		
	2189.1	300.0	 3.0	1		
	2192.1	300.0	 3.0	1		
	2195.1	 0.0	 0.0	1		
	2198.1	 0.0	 0.0	1		
	2201.1	 0.0	 0.0	1		
	2204.1	 0.0	 0.0	1		
	2207.1	 0.0	 0.0	1		
	2210.1	 0.0	 0.0	1		
	2213.1	 0.0	 0.0	1		
	2216.1	 0.0	 0.0	17		
	2219.1	 0.0	 0.0	17		
	2222.1	 0.0	 0.0	17		
	2225.1	 0.0	 0.0	17		
	2228.1	 0.0	 0.0	17		
	2231.1	 0.0	 0.0	17		
	2234.1	 0.0	 0.0	17		
	2237.1	 0.0	 0.0	17		
	2240.1	215.0	50.0	17		
	2243.1	300.0	 3.0	17		
	2246.1	300.0	 3.0	17		
	2249.1	300.0	 3.0	17		
	2252.1	 0.0	 0.0	17		
	2255.1	 0.0	 0.0	17		
	2258.1	 0.0	 0.0	17		
	2261.1	 0.0	 0.0	17		
	2264.1	 0.0	 0.0	17		
	2267.1	 0.0	 0.0	17		
	2270.1	 0.0	 0.0	17		
	2273.1	 0.0	 0.0	17		
	2276.1	 0.0	 0.0	17		
	2279.1	 0.0	 0.0	17		
	2282.1	 0.0	 0.0	17		
	2285.1	 0.0	 0.0	17		
	2288.1	 0.0	 0.0	17		
	2291.1	137.0	50.0	17		
	2294.1	300.0	 3.0	17		
	2297.1	300.0	 3.0	17		
	2300.1	300.0	 3.0	17		
	2303.1	300.0	 3.0	17		
	2306.1	300.0	 3.0	17		
	2309.1	300.0	 3.0	17		
	2312.1	 0.0	 0.0	17		
	2315.1	 0.0	 0.0	17		
	2318.1	 0.0	 0.0	17		
	2321.1	 0.0	 0.0	17		
	2324.1	 0.0	 0.0	17		
	2327.1	 0.0	 0.0	17		
	2330.1	 0.0	 0.0	17		
	2333.1	 0.0	 0.0	7		
	2336.1	 0.0	 0.0	7		
	2339.1	 0.0	 0.0	7		
	2342.1	 0.0	 0.0	7		
	2345.1	 0.0	 0.0	7		
	2348.1	 0.0	 0.0	7		
	2351.1	 0.0	 0.0	7		
	2354.1	317.0	12.0	7		
	2357.1	300.0	 3.0	7		
	2360.1	300.0	 3.0	7		
	2363.1	300.0	 3.0	7		
	2366.1	300.0	 3.0	7		
	2369.1	300.0	 2.0	7		
	2372.1	300.0	 2.0	7		
	2375.1	 0.0	 0.0	7		
	2378.1	 0.0	 0.0	7		
	2381.1	 0.0	 0.0	7		
	2384.1	 0.0	 0.0	7		
	2387.1	 0.0	 0.0	7		
	2390.1	 0.0	 0.0	7		
	2393.1	 0.0	 0.0	6		
	2396.1	 0.0	 0.0	6		
	2399.1	 0.0	 0.0	6		
	2402.1	 0.0	 0.0	6		
	2405.1	 0.0	 0.0	6		
	2408.1	 0.0	 0.0	6		
	2411.1	 0.0	 0.0	6		
	2414.1	 0.0	 0.0	6		
	2417.1	300.0	 0.0	6		
	2420.1	300.0	 0.0	6		
	2423.1	300.0	 0.0	6		
	2426.1	300.0	 0.0	6		
	2429.1	300.0	 0.0	6		
	2432.1	300.0	 0.0	6		
	2435.1	 0.0	 0.0	6		
	2438.1	 0.0	 0.0	6		
	2441.1	 0.0	 0.0	6		
	2444.1	 0.0	 0.0	6		
	2447.1	 0.0	 0.0	6		
	2450.1	 0.0	 0.0	6		
	2453.1	 0.0	 0.0	6		
	2456.1	 0.0	 0.0	5		
	2459.1	 0.0	 0.0	5		
	2462.1	 0.0	 0.0	5		
	2465.1	 0.0	 0.0	5		
	2468.1	 0.0	 0.0	5		
	2471.1	 0.0	 0.0	5		
	2474.1	 0.0	 0.0	5		
	2477.1	300.0	22.0	5		
	2480.1	300.0	 3.0	5		
	2483.1	300.0	 3.0	5		
	2486.1	300.0	 3.0	5		
	2489.1	300.0	 3.0	5		
	2492.1	300.0	 3.0	5		
	2495.1	300.0	 3.0	5		
	2498.1	 0.0	 0.0	5		
	2501.1	 0.0	 0.0	5		
	2504.1	 0.0	 0.0	5		
	2507.1	 0.0	 0.0	5		
	2510.1	 0.0	 0.0	5		
	2513.1	 0.0	 0.0	5		
	2516.1	 0.0	 0.0	4		
	2519.1	 0.0	 0.0	4		
	2522.1	 0.0	 0.0	4		
	2525.1	 0.0	 0.0	4		
	2528.1	 0.0	 0.0	4		
	2531.1	 0.0	 0.0	4		
	2534.1	 0.0	 0.0	4		
	2537.1	 0.0	 0.0	4		
	2540.1	300.0	 4.0	4		
	2543.1	300.0	 3.0	4		
	2546.1	300.0	 3.0	4		
	2549.1	300.0	 3.0	4		
	2552.1	300.0	 3.0	4		
	2555.1	300.0	 3.0	4		
	2558.1	 0.0	 0.0	4		
	2561.1	 0.0	 0.0	4		
	2564.1	 0.0	 0.0	4		
	2567.1	 0.0	 0.0	4		
	2570.1	 0.0	 0.0	4		
	2573.1	 0.0	 0.0	4		
	2576.1	 0.0	 0.0	4		
	2579.1	 0.0	 0.0	3		
	2582.1	 0.0	 0.0	3		
	2585.1	 0.0	 0.0	3		
	2588.1	 0.0	 0.0	3		
	2591.1	 0.0	 0.0	3		
	2594.1	 0.0	 0.0	3		
	2597.1	 0.0	 0.0	3		
	2600.1	210.0	50.0	3		
	2603.1	300.0	 3.0	3		
	2606.1	300.0	 3.0	3		
	2609.1	300.0	 3.0	3		
	2612.1	300.0	 3.0	3		
	2615.1	300.0	 3.0	3		
	2618.1	300.0	 3.0	3		
	2621.1	 0.0	 0.0	3		
	2624.1	 0.0	 0.0	3		
	2627.1	 0.0	 0.0	3		
	2630.1	 0.0	 0.0	3		
	2633.1	 0.0	 0.0	3		
	2636.1	 0.0	 0.0	3		
	2639.1	 0.0	 0.0	3		goto;1348
	2642.1	 0.0	 0.0	2		
	2645.1	 0.0	 0.0	2		
	2648.1	 0.0	 0.0	2		
	2651.1	 0.0	 0.0	2		
	2654.1	 0.0	 0.0	2		
	2657.1	 0.0	 0.0	2		
	2660.1	 0.0	 0.0	2		
	2663.1	300.0	 6.0	2		
	2666.1	300.0	 3.0	2		
	2669.1	300.0	 3.0	2		
	2672.1	300.0	 3.0	2		
	2675.1	300.0	 3.0	2		
	2678.1	300.0	 3.0	2		
	2681.1	300.0	 3.0	2		
	2684.1	 0.0	 0.0	2		
	2687.1	 0.0	 0.0	2		
	2690.1	 0.0	 0.0	2		
	2693.1	 0.0	 0.0	2		
	2696.1	 0.0	 0.0	2		
	2699.1	 0.0	 0.0	2		
	2702.1	 0.0	 0.0	1		
	2705.1	 0.0	 0.0	1		
	2708.1	 0.0	 0.0	1		
	2711.1	 0.0	 0.0	1		
	2714.1	 0.0	 0.0	1		
	2717.1	 0.0	 0.0	1		
	2720.1	 0.0	 0.0	1		
	2723.1	150.0	50.0	1		
	2726.1	300.0	 3.0	1		
	2729.1	300.0	 3.0	1		
	2732.1	300.0	 3.0	1		
	2735.1	300.0	 3.0	1		
	2738.1	300.0	 3.0	1		
	2741.1	300.0	 3.0	1		
	2744.1	 0.0	 0.0	1		
	2747.1	 0.0	 0.0	1		
	2750.1	 0.0	 0.0	1		
	2753.1	 0.0	 0.0	1		
	2756.1	 0.0	 0.0	1		
	2759.1	 0.0	 0.0	1		
	2762.1	 0.0	 0.0	1		
	2765.1	 0.0	 0.0	16		
	2768.1	 0.0	 0.0	16		
	2771.1	 0.0	 0.0	16		
	2774.1	 0.0	 0.0	16		
	2777.1	 0.0	 0.0	16		
	2780.1	 0.0	 0.0	16		
	2783.1	 0.0	 0.0	16		
	2786.1	 0.0	 0.0	16		
	2789.1	300.0	20.0	16		
	2792.1	300.0	 2.0	16		
	2795.1	300.0	 2.0	16		
	2798.1	 0.0	 0.0	16		
	2801.1	 0.0	 0.0	16		
	2804.1	 0.0	 0.0	16		
	2807.1	 0.0	 0.0	16		
	2810.1	 0.0	 0.0	16		
	2813.1	 0.0	 0.0	16		
	2816.1	 0.0	 0.0	16		
	2819.1	 0.0	 0.0	16		
	2822.1	 0.0	 0.0	16		
	2825.1	 0.0	 0.0	16		
	2828.1	 0.0	 0.0	16		
	2831.1	 0.0	 0.0	16		
	2834.1	 0.0	 0.0	16		
	2837.1	 0.0	 0.0	16		
	2840.1	314.0	 0.0	16		
	2843.1	300.0	 0.0	16		
	2846.1	300.0	 0.0	16		
	2849.1	300.0	 0.0	16		
	2852.1	300.0	 0.0	16		
	2855.1	300.0	 0.0	16		
	2858.1	300.0	 0.0	16		
	2861.1	 0.0	 0.0	16		
	2864.1	 0.0	 0.0	16		
	2867.1	 0.0	 0.0	16		
	2870.1	 0.0	 0.0	16		
	2873.1	 0.0	 0.0	16		
	2876.1	 0.0	 0.0	16		
	2879.1	 0.0	 0.0	16		goto;1348
	2882.1	 0.0	 0.0	7		
	2885.1	 0.0	 0.0	7		
	2888.1	 0.0	 0.0	7		
	2891.1	 0.0	 0.0	7		
	2894.1	 0.0	 0.0	7		
	2897.1	 0.0	 0.0	7		
	2900.1	 0.0	 0.0	7		
	2903.1	300.0	 3.0	7		
	2906.1	300.0	 3.0	7		
	2909.1	300.0	 3.0	7		
	2912.1	300.0	 3.0	7		
	2915.1	300.0	 3.0	7		
	2918.1	300.0	 3.0	7		
	2921.1	 0.0	 0.0	7		
	2924.1	 0.0	 0.0	7		
	2927.1	 0.0	 0.0	7		
	2930.1	 0.0	 0.0	7		
	2933.1	 0.0	 0.0	7		
	2936.1	 0.0	 0.0	7		
	2939.1	 0.0	 0.0	7		
	2942.1	 0.0	 0.0	6		
	2945.1	 0.0	 0.0	6		
	2948.1	 0.0	 0.0	6		
	2951.1	 0.0	 0.0	6		
	2954.1	 0.0	 0.0	6		
	2957.1	 0.0	 0.0	6		
	2960.1	 0.0	 0.0	6		
	2963.1	175.0	50.0	6		
	2966.1	300.0	 3.0	6		
	2969.1	300.0	 3.0	6		
	2972.1	300.0	 3.0	6		
	2975.1	300.0	 3.0	6		
	2978.1	300.0	 3.0	6		
	2981.1	300.0	 3.0	6		
	2984.1	 0.0	 0.0	6		
	2987.1	 0.0	 0.0	6		
	2990.1	 0.0	 0.0	6		
	2993.1	 0.0	 0.0	6		
	2996.1	 0.0	 0.0	6		
	2999.1	 0.0	 0.0	6		
	3002.1	 0.0	 0.0	6		
	3005.1	 0.0	 0.0	5		
	3008.1	 0.0	 0.0	5		
	3011.1	 0.0	 0.0	5		
	3014.1	 0.0	 0.0	5		
	3017.1	 0.0	 0.0	5		
	3020.1	 0.0	 0.0	5		
	3023.1	 0.0	 0.0	5		
	3026.1	314.0	 9.0	5		
	3029.1	300.0	 3.0	5		
	3032.1	300.0	 3.0	5		
	3035.1	300.0	 3.0	5		
	3038.1	300.0	 3.0	5		
	3041.1	300.0	 3.0	5		
	3044.1	300.0	 3.0	5		
	3047.1	 0.0	 0.0	5		
	3050.1	 0.0	 0.0	5		
	3053.1	 0.0	 0.0	5		
	3056.1	 0.0	 0.0	5		
	3059.1	 0.0	 0.0	5		
	3062.1	 0.0	 0.0	5		
	3065.1	 0.0	 0.0	4		
	3068.1	 0.0	 0.0	4		
	3071.1	 0.0	 0.0	4		
	3074.1	 0.0	 0.0	4		
	3077.1	 0.0	 0.0	4		
	3080.1	 0.0	 0.0	4		
	3083.1	 0.0	 0.0	4		
	3086.1	109.0	50.0	4		
	3089.1	300.0	 3.0	4		
	3092.1	300.0	 3.0	4		
	3095.1	300.0	 3.0	4		
	3098.1	300.0	 3.0	4		
	3101.1	300.0	 3.0	4		
	3104.1	300.0	 3.0	4		
	3107.1	 0.0	 0.0	4		
	3110.1	 0.0	 0.0	4		
	3113.1	 0.0	 0.0	4		
	3116.1	 0.0	 0.0	4		
	3119.1	 0.0	 0.0	4		
	3122.1	 0.0	 0.0	4		
	3125.1	 0.0	 0.0	4		
	3128.1	 0.0	 0.0	3		
	3131.1	 0.0	 0.0	3		
	3134.1	 0.0	 0.0	3		
	3137.1	 0.0	 0.0	3		
	3140.1	 0.0	 0.0	3		
	3143.1	 0.0	 0.0	3		
	3146.1	 0.0	 0.0	3		
	3149.1	300.0	20.0	3		
	3152.1	300.0	 3.0	3		
	3155.1	300.0	 3.0	3		
	3158.1	300.0	 3.0	3		
	3161.1	300.0	 3.0	3		
	3164.1	300.0	 3.0	3		
	3167.1	300.0	 3.0	3		
	3170.1	 0.0	 0.0	3		
	3173.1	 0.0	 0.0	3		
	3176.1	 0.0	 0.0	3		
	3179.1	 0.0	 0.0	3		
	3182.1	 0.0	 0.0	3		
	3185.1	 0.0	 0.0	3		
	3188.1	 0.0	 0.0	2		
	3191.1	 0.0	 0.0	2		
	3194.1	 0.0	 0.0	2		
	3197.1	 0.0	 0.0	2		
	3200.1	 0.0	 0.0	2		
	3203.1	 0.0	 0.0	2		
	3206.1	 0.0	 0.0	2		
	3209.1	 0.0	 0.0	2		
	3212.1	300.0	 3.0	2		
	3215.1	300.0	 3.0	2		
	3218.1	300.0	 3.0	2		
	3221.1	300.0	 3.0	2		
	3224.1	300.0	 3.0	2		
	3227.1	300.0	 3.0	2		
	3230.1	 0.0	 0.0	2		
	3233.1	 0.0	 0.0	2		
	3236.1	 0.0	 0.0	2		
	3239.1	 0.0	 0.0	2		
	3242.1	 0.0	 0.0	2		
	3245.1	 0.0	 0.0	2		
	3248.1	 0.0	 0.0	2		
	3251.1	 0.0	 0.0	1		
	3254.1	 0.0	 0.0	1		
	3257.1	 0.0	 0.0	1		
	3260.1	 0.0	 0.0	1		
	3263.1	 0.0	 0.0	1		
	3266.1	 0.0	 0.0	1		
	3269.1	 0.0	 0.0	1		
	3272.1	251.0	10.0	1		
	3275.1	300.0	 0.0	1		
	3278.1	300.0	 0.0	1		
	3281.1	300.0	 0.0	1		
	3284.1	300.0	 0.0	1		
	3287.1	300.0	 0.0	1		
	3290.1	300.0	 0.0	1		
	3293.1	 0.0	 0.0	1		
	3296.1	 0.0	 0.0	1		
	3299.1	 0.0	 0.0	1		
	3302.1	 0.0	 0.0	1		
	3305.1	 0.0	 0.0	1		
	3308.1	 0.0	 0.0	1		
	3311.1	 0.0	 0.0	0		goto;22420
	3314.1	 0.0	 0.0	15		
	3317.1	 0.0	 0.0	15		
	3320.1	 0.0	 0.0	15		
	3323.1	 0.0	 0.0	15		
	3326.1	 0.0	 0.0	15		
	3329.1	 0.0	 0.0	15		
	3332.1	 0.0	 0.0	15		
	3335.1	 0.0	 0.0	15		
	3338.1	300.0	 5.0	15		
	3341.1	300.0	 3.0	15		
	3344.1	300.0	 3.0	15		
	3347.1	 0.0	 0.0	15		
	3350.1	 0.0	 0.0	15		
	3353.1	 0.0	 0.0	15		
	3356.1	 0.0	 0.0	15		
	3359.1	 0.0	 0.0	15		
	3362.1	 0.0	 0.0	15		
	3365.1	 0.0	 0.0	15		
	3368.1	 0.0	 0.0	15		
	3371.1	 0.0	 0.0	15		
	3374.1	 0.0	 0.0	15		
	3377.1	 0.0	 0.0	15		
	3380.1	 0.0	 0.0	15		
	3383.1	 0.0	 0.0	15		
	3386.1	 0.0	 0.0	15		
	3389.1	318.0	18.0	15		
	3392.1	300.0	 3.0	15		
	3395.1	300.0	 3.0	15		
	3398.1	300.0	 3.0	15		
	3401.1	300.0	 3.0	15		
	3404.1	300.0	 3.0	15		
	3407.1	300.0	 3.0	15		
	3410.1	 0.0	 0.0	15		
	3413.1	 0.0	 0.0	15		
	3416.1	 0.0	 0.0	15		
	3419.1	 0.0	 0.0	15		
	3422.1	 0.0	 0.0	15		
	3425.1	 0.0	 0.0	15		
	3428.1	 0.0	 0.0	7		
	3431.1	 0.0	 0.0	7		
	3434.1	 0.0	 0.0	7		
	3437.1	 0.0	 0.0	7		
	3440.1	 0.0	 0.0	7		
	3443.1	 0.0	 0.0	7		
	3446.1	 0.0	 0.0	7		
	3449.1	 0.0	 0.0	7		
	3452.1	300.0	 6.0	7		
	3455.1	300.0	 3.0	7		
	3458.1	300.0	 3.0	7		
	3461.1	300.0	 3.0	7		
	3464.1	300.0	 3.0	7		
	3467.1	300.0	 3.0	7		
	3470.1	 0.0	 0.0	7		
	3473.1	 0.0	 0.0	7		
	3476.1	 0.0	 0.0	7		
	3479.1	 0.0	 0.0	7		
	3482.1	 0.0	 0.0	7		
	3485.1	 0.0	 0.0	7		
	3488.1	 0.0	 0.0	7		
	3491.1	 0.0	 0.0	6		
	3494.1	 0.0	 0.0	6		
	3497.1	 0.0	 0.0	6		
	3500.1	 0.0	 0.0	6		
	3503.1	 0.0	 0.0	6		
	3506.1	 0.0	 0.0	6		
	3509.1	 0.0	 0.0	6		
	3512.1	276.0	39.0	6		
	3515.1	300.0	 3.0	6		
	3518.1	300.0	 3.0	6		
	3521.1	300.0	 3.0	6		
	3524.1	300.0	 3.0	6		
	3527.1	300.0	 3.0	6		
	3530.1	300.0	 3.0	6		
	3533.1	 0.0	 0.0	6		
	3536.1	 0.0	 0.0	6		
	3539.1	 0.0	 0.0	6		
	3542.1	 0.0	 0.0	6		
	3545.1	 0.0	 0.0	6		
	3548.1	 0.0	 0.0	6		
	3551.1	 0.0	 0.0	5		
	3554.1	 0.0	 0.0	5		
	3557.1	 0.0	 0.0	5		
	3560.1	 0.0	 0.0	5		
	3563.1	 0.0	 0.0	5		
	3566.1	 0.0	 0.0	5		
	3569.1	 0.0	 0.0	5		
	3572.1	 0.0	 0.0	5		
	3575.1	300.0	 0.0	5		
	3578.1	300.0	 0.0	5		
	3581.1	300.0	 0.0	5		
	3584.1	300.0	 0.0	5		
	3587.1	300.0	 0.0	5		
	3590.1	300.0	 0.0	5		
	3593.1	 0.0	 0.0	5		
	3596.1	 0.0	 0.0	5		
	3599.1	 0.0	 0.0	5		
	3602.1	 0.0	 0.0	5		
	3605.1	 0.0	 0.0	5		
	3608.1	 0.0	 0.0	5		
	3611.1	 0.0	 0.0	5		
	3614.1	 0.0	 0.0	4		
	3617.1	 0.0	 0.0	4		
	3620.1	 0.0	 0.0	4		
	3623.1	 0.0	 0.0	4		
	3626.1	 0.0	 0.0	4		
	3629.1	 0.0	 0.0	4		
	3632.1	 0.0	 0.0	4		
	3635.1	179.0	50.0	4		
	3638.1	300.0	 3.0	4		
	3641.1	300.0	 3.0	4		
	3644.1	300.0	 3.0	4		
	3647.1	300.0	 3.0	4		
	3650.1	300.0	 3.0	4		
	3653.1	300.0	 3.0	4		
	3656.1	 0.0	 0.0	4		
	3659.1	 0.0	 0.0	4		
	3662.1	 0.0	 0.0	4		
	3665.1	 0.0	 0.0	4		
	3668.1	 0.0	 0.0	4		
	3671.1	 0.0	 0.0	4		
	3674.1	 0.0	 0.0	4		
	3677.1	 0.0	 0.0	3		
	3680.1	 0.0	 0.0	3		
	3683.1	 0.0	 0.0	3		
	3686.1	 0.0	 0.0	3		
	3689.1	 0.0	 0.0	3		
	3692.1	 0.0	 0.0	3		
	3695.1	 0.0	 0.0	3		
	3698.1	300.0	 0.0	3		
	3701.1	300.0	 0.0	3		
	3704.1	300.0	 0.0	3		
	3707.1	300.0	 0.0	3		
	3710.1	300.0	 0.0	3		
	3713.1	300.0	 0.0	3		
	3716.1	300.0	 0.0	3		
	3719.1	 0.0	 0.0	3		
	3722.1	 0.0	 0.0	3		
	3725.1	 0.0	 0.0	3		
	3728.1	 0.0	 0.0	3		
	3731.1	 0.0	 0.0	3		
	3734.1	 0.0	 0.0	3		
	3737.1	 0.0	 0.0	2		
	3740.1	 0.0	 0.0	2		
	3743.1	 0.0	 0.0	2		
	3746.1	 0.0	 0.0	2		
	3749.1	 0.0	 0.0	2		
	3752.1	 0.0	 0.0	2		
	3755.1	 0.0	 0.0	2		
	3758.1	112.0	 5.0	2		
	3761.1	300.0	 0.0	2		
	3764.1	300.0	 0.0	2		
	3767.1	300.0	 0.0	2		
	3770.1	300.0	 0.0	2		
	3773.1	300.0	 0.0	2		
	3776.1	300.0	 0.0	2		
	3779.1	 0.0	 0.0	2		
	3782.1	 0.0	 0.0	2		
	3785.1	 0.0	 0.0	2		
	3788.1	 0.0	 0.0	2		
	3791.1	 0.0	 0.0	2		
	3794.1	 0.0	 0.0	2		
	3797.1	 0.0	 0.0	2		
	3800.1	 0.0	 0.0	1		
	3803.1	 0.0	 0.0	1		
	3806.1	 0.0	 0.0	1		
	3809.1	 0.0	 0.0	1		
	3812.1	 0.0	 0.0	1		
	3815.1	 0.0	 0.0	1		
	3818.1	 0.0	 0.0	1		
	3821.1	300.0	 0.0	1		
	3824.1	300.0	 0.0	1		
	3827.1	300.0	 0.0	1		
	3830.1	300.0	 0.0	1		
	3833.1	300.0	 0.0	1		
	3836.1	300.0	 0.0	1		
	3839.1	300.0	 0.0	1		
	3842.1	 0.0	 0.0	1		
	3845.1	 0.0	 0.0	1		
	3848.1	 0.0	 0.0	1		
	3851.1	 0.0	 0.0	1		
	3854.1	 0.0	 0.0	1		
	3857.1	 0.0	 0.0	1		
	3860.1	 0.0	 0.0	14		
	3863.1	 0.0	 0.0	14		
	3866.1	 0.0	 0.0	14		
	3869.1	 0.0	 0.0	14		
	3872.1	 0.0	 0.0	14		
	3875.1	 0.0	 0.0	14		
	3878.1	 0.0	 0.0	14		
	3881.1	 0.0	 0.0	14		
	3884.1	 0.0	 0.0	14		
	3887.1	300.0	 3.0	14		
	3890.1	300.0	 3.0	14		
	3893.1	300.0	 3.0	14		
	3896.1	 0.0	 0.0	14		
	3899.1	 0.0	 0.0	14		
	3902.1	 0.0	 0.0	14		
	3905.1	 0.0	 0.0	14		
	3908.1	 0.0	 0.0	14		
	3911.1	 0.0	 0.0	14		
	3914.1	 0.0	 0.0	14		
	3917.1	 0.0	 0.0	14		
	3920.1	 0.0	 0.0	14		
	3923.1	 0.0	 0.0	14		
	3926.1	 0.0	 0.0	14		
	3929.1	 0.0	 0.0	14		
	3932.1	 0.0	 0.0	14		
	3935.1	 0.0	 0.0	14		
	3938.1	300.0	 5.0	14		
	3941.1	300.0	 3.0	14		
	3944.1	300.0	 3.0	14		
	3947.1	300.0	 3.0	14		
	3950.1	300.0	 3.0	14		
	3953.1	300.0	 3.0	14		
	3956.1	300.0	 3.0	14		
	3959.1	 0.0	 0.0	14		
	3962.1	 0.0	 0.0	14		
	3965.1	 0.0	 0.0	14		
	3968.1	 0.0	 0.0	14		
	3971.1	 0.0	 0.0	14		
	3974.1	 0.0	 0.0	14		
	3977.1	 0.0	 0.0	7		
	3980.1	 0.0	 0.0	7		
	3983.1	 0.0	 0.0	7		
	3986.1	 0.0	 0.0	7		
	3989.1	 0.0	 0.0	7		
	3992.1	 0.0	 0.0	7		
	3995.1	 0.0	 0.0	7		
	3998.1	122.0	16.0	7		
	4001.1	300.0	 0.0	7		
	4004.1	300.0	 0.0	7		
	4007.1	300.0	 0.0	7		
	4010.1	300.0	 0.0	7		
	4013.1	300.0	 0.0	7		
	4016.1	300.0	 0.0	7		
	4019.1	 0.0	 0.0	7		
	4022.1	 0.0	 0.0	7		
	4025.1	 0.0	 0.0	7		
	4028.1	 0.0	 0.0	7		
	4031.1	 0.0	 0.0	7		
	4034.1	 0.0	 0.0	7		
	4037.1	 0.0	 0.0	7		
	4040.1	 0.0	 0.0	6		
	4043.1	 0.0	 0.0	6		
	4046.1	 0.0	 0.0	6		
	4049.1	 0.0	 0.0	6		
	4052.1	 0.0	 0.0	6		
	4055.1	 0.0	 0.0	6		
	4058.1	 0.0	 0.0	6		
	4061.1	315.0	 0.0	6		
	4064.1	300.0	 0.0	6		
	4067.1	300.0	 0.0	6		
	4070.1	300.0	 0.0	6		
	4073.1	300.0	 0.0	6		
	4076.1	300.0	 0.0	6		
	4079.1	300.0	 0.0	6		
	4082.1	 0.0	 0.0	6		
	4085.1	 0.0	 0.0	6		
	4088.1	 0.0	 0.0	6		
	4091.1	 0.0	 0.0	6		
	4094.1	 0.0	 0.0	6		
	4097.1	 0.0	 0.0	6		
	4100.1	 0.0	 0.0	5		
	4103.1	 0.0	 0.0	5		
	4106.1	 0.0	 0.0	5		
	4109.1	 0.0	 0.0	5		
	4112.1	 0.0	 0.0	5		
	4115.1	 0.0	 0.0	5		
	4118.1	 0.0	 0.0	5		
	4121.1	 0.0	 0.0	5		
	4124.1	300.0	 3.0	5		
	4127.1	300.0	 3.0	5		
	4130.1	300.0	 3.0	5		
	4133.1	300.0	 3.0	5		
	4136.1	300.0	 3.0	5		
	4139.1	300.0	 3.0	5		
	4142.1	 0.0	 0.0	5		
	4145.1	 0.0	 0.0	5		
	4148.1	 0.0	 0.0	5		
	4151.1	 0.0	 0.0	5		
	4154.1	 0.0	 0.0	5		
	4157.1	 0.0	 0.0	5		
	4160.1	 0.0	 0.0	5		
	4163.1	 0.0	 0.0	4		
	4166.1	 0.0	 0.0	4		
	4169.1	 0.0	 0.0	4		
	4172.1	 0.0	 0.0	4		
	4175.1	 0.0	 0.0	4		
	4178.1	 0.0	 0.0	4		
	4181.1	 0.0	 0.0	4		
	4184.1	284.0	34.0	4		
	4187.1	300.0	 3.0	4		
	4190.1	300.0	 3.0	4		
	4193.1	300.0	 3.0	4		
	4196.1	300.0	 3.0	4		
	4199.1	300.0	 3.0	4		
	4202.1	300.0	 3.0	4		
	4205.1	 0.0	 0.0	4		
	4208.1	 0.0	 0.0	4		
	4211.1	 0.0	 0.0	4		
	4214.1	 0.0	 0.0	4		
	4217.1	 0.0	 0.0	4		
	4220.1	 0.0	 0.0	4		
	4223.1	 0.0	 0.0	3		
	4226.1	 0.0	 0.0	3		
	4229.1	 0.0	 0.0	3		
	4232.1	 0.0	 0.0	3		
	4235.1	 0.0	 0.0	3		
	4238.1	 0.0	 0.0	3		
	4241.1	 0.0	 0.0	3		
	4244.1	 0.0	 0.0	3		
	4247.1	300.0	 4.0	3		
	4250.1	300.0	 3.0	3		
	4253.1	300.0	 3.0	3		
	4256.1	300.0	 3.0	3		
	4259.1	300.0	 3.0	3		
	4262.1	300.0	 3.0	3		
	4265.1	 0.0	 0.0	3		
	4268.1	 0.0	 0.0	3		
	4271.1	 0.0	 0.0	3		
	4274.1	 0.0	 0.0	3		
	4277.1	 0.0	 0.0	3		
	4280.1	 0.0	 0.0	3		
	4283.1	 0.0	 0.0	3		
	4286.1	 0.0	 0.0	2		
	4289.1	 0.0	 0.0	2		
	4292.1	 0.0	 0.0	2		
	4295.1	 0.0	 0.0	2		
	4298.1	 0.0	 0.0	2		
	4301.1	 0.0	 0.0	2		
	4304.1	 0.0	 0.0	2		
	4307.1	222.0	50.0	2		
	4310.1	300.0	 3.0	2		
	4313.1	300.0	 3.0	2		
	4316.1	300.0	 3.0	2		
	4319.1	300.0	 3.0	2		
	4322.1	300.0	 3.0	2		
	4325.1	300.0	 3.0	2		
	4328.1	 0.0	 0.0	2		
	4331.1	 0.0	 0.0	2		
	4334.1	 0.0	 0.0	2		
	4337.1	 0.0	 0.0	2		
	4340.1	 0.0	 0.0	2		
	4343.1	 0.0	 0.0	2		
	4346.1	 0.0	 0.0	2		
	4349.1	 0.0	 0.0	1		
	4352.1	 0.0	 0.0	1		
	4355.1	 0.0	 0.0	1		
	4358.1	 0.0	 0.0	1		
	4361.1	 0.0	 0.0	1		
	4364.1	 0.0	 0.0	1		
	4367.1	 0.0	 0.0	1		
	4370.1	300.0	 4.0	1		
	4373.1	300.0	 3.0	1		
	4376.1	300.0	 3.0	1		
	4379.1	300.0	 3.0	1		
	4382.1	300.0	 3.0	1		
	4385.1	300.0	 3.0	1		
	4388.1	300.0	 3.0	1		
	4391.1	 0.0	 0.0	1		
	4394.1	 0.0	 0.0	1		
	4397.1	 0.0	 0.0	1		
	4400.1	 0.0	 0.0	1		
	4403.1	 0.0	 0.0	1		
	4406.1	 0.0	 0.0	1		
	4409.1	 0.0	 0.0	13		
	4412.1	 0.0	 0.0	13		
	4415.1	 0.0	 0.0	13		
	4418.1	 0.0	 0.0	13		
	4421.1	 0.0	 0.0	13		
	4424.1	 0.0	 0.0	13		
	4427.1	 0.0	 0.0	13		
	4430.1	 0.0	 0.0	13		
	4433.1	101.0	50.0	13		
	4436.1	300.0	 3.0	13		
	4439.1	300.0	 3.0	13		
	4442.1	300.0	 3.0	13		
	4445.1	 0.0	 0.0	13		
	4448.1	 0.0	 0.0	13		
	4451.1	 0.0	 0.0	13		
	4454.1	 0.0	 0.0	13		
	4457.1	 0.0	 0.0	13		
	4460.1	 0.0	 0.0	13		
	4463.1	 0.0	 0.0	13		
	4466.1	 0.0	 0.0	13		
	4469.1	 0.0	 0.0	13		
	4472.1	 0.0	 0.0	13		
	4475.1	 0.0	 0.0	13		
	4478.1	 0.0	 0.0	13		
	4481.1	 0.0	 0.0	13		
	4484.1	 0.0	 0.0	13		
	4487.1	300.0	 4.0	13		
	4490.1	300.0	 3.0	13		
	4493.1	300.0	 3.0	13		
	4496.1	300.0	 3.0	13		
	4499.1	300.0	 3.0	13		
	4502.1	300.0	 3.0	13		
	4505.1	 0.0	 0.0	13		
	4508.1	 0.0	 0.0	13		
	4511.1	 0.0	 0.0	13		
	4514.1	 0.0	 0.0	13		
	4517.1	 0.0	 0.0	13		
	4520.1	 0.0	 0.0	13		
	4523.1	 0.0	 0.0	13		
	4526.1	 0.0	 0.0	7		
	4529.1	 0.0	 0.0	7		
	4532.1	 0.0	 0.0	7		
	4535.1	 0.0	 0.0	7		
	4538.1	 0.0	 0.0	7		
	4541.1	 0.0	 0.0	7		
	4544.1	 0.0	 0.0	7		
	4547.1	200.0	50.0	7		
	4550.1	300.0	 3.0	7		
	4553.1	300.0	 3.0	7		
	4556.1	300.0	 3.0	7		
	4559.1	300.0	 3.0	7		
	4562.1	300.0	 3.0	7		
	4565.1	300.0	 3.0	7		
	4568.1	 0.0	 0.0	7		
	4571.1	 0.0	 0.0	7		
	4574.1	 0.0	 0.0	7		
	4577.1	 0.0	 0.0	7		
	4580.1	 0.0	 0.0	7		
	4583.1	 0.0	 0.0	7		
	4586.1	 0.0	 0.0	7		goto;1348
	4589.1	 0.0	 0.0	6		
	4592.1	 0.0	 0.0	6		
	4595.1	 0.0	 0.0	6		
	4598.1	 0.0	 0.0	6		
	4601.1	 0.0	 0.0	6		
	4604.1	 0.0	 0.0	6		
	4607.1	 0.0	 0.0	6		
	4610.1	300.0	 9.0	6		
	4613.1	300.0	 3.0	6		
	4616.1	300.0	 3.0	6		
	4619.1	300.0	 3.0	6		
	4622.1	300.0	 3.0	6		
	4625.1	300.0	 3.0	6		
	4628.1	300.0	 3.0	6		
	4631.1	 0.0	 0.0	6		
	4634.1	 0.0	 0.0	6		
	4637.1	 0.0	 0.0	6		
	4640.1	 0.0	 0.0	6		
	4643.1	 0.0	 0.0	6		
	4646.1	 0.0	 0.0	6		
	4649.1	 0.0	 0.0	5		
	4652.1	 0.0	 0.0	5		
	4655.1	 0.0	 0.0	5		
	4658.1	 0.0	 0.0	5		
	4661.1	 0.0	 0.0	5		
	4664.1	 0.0	 0.0	5		
	4667.1	 0.0	 0.0	5		
	4670.1	131.0	16.0	5		
	4673.1	300.0	 0.0	5		
	4676.1	300.0	 0.0	5		
	4679.1	300.0	 0.0	5		
	4682.1	300.0	 0.0	5		
	4685.1	300.0	 0.0	5		
	4688.1	300.0	 0.0	5		
	4691.1	 0.0	 0.0	5		
	4694.1	 0.0	 0.0	5		
	4697.1	 0.0	 0.0	5		
	4700.1	 0.0	 0.0	5		
	4703.1	 0.0	 0.0	5		
	4706.1	 0.0	 0.0	5		
	4709.1	 0.0	 0.0	5		
	4712.1	 0.0	 0.0	4		
	4715.1	 0.0	 0.0	4		
	4718.1	 0.0	 0.0	4		
	4721.1	 0.0	 0.0	4		
	4724.1	 0.0	 0.0	4		
	4727.1	 0.0	 0.0	4		
	4730.1	 0.0	 0.0	4		
	4733.1	312.0	 6.0	4		
	4736.1	300.0	 3.0	4		
	4739.1	300.0	 3.0	4		
	4742.1	300.0	 3.0	4		
	4745.1	300.0	 3.0	4		
	4748.1	300.0	 3.0	4		
	4751.1	300.0	 3.0	4		
	4754.1	 0.0	 0.0	4		
	4757.1	 0.0	 0.0	4		
	4760.1	 0.0	 0.0	4		
	4763.1	 0.0	 0.0	4		
	4766.1	 0.0	 0.0	4		
	4769.1	 0.0	 0.0	4		
	4772.1	 0.0	 0.0	3		
	4775.1	 0.0	 0.0	3		
	4778.1	 0.0	 0.0	3		
	4781.1	 0.0	 0.0	3		
	4784.1	 0.0	 0.0	3		
	4787.1	 0.0	 0.0	3		
	4790.1	 0.0	 0.0	3		
	4793.1	 0.0	 0.0	3		
	4796.1	300.0	 0.0	3		
	4799.1	300.0	 0.0	3		
	4802.1	300.0	 0.0	3		
	4805.1	300.0	 0.0	3		
	4808.1	300.0	 0.0	3		
	4811.1	300.0	 0.0	3		
	4814.1	 0.0	 0.0	3		
	4817.1	 0.0	 0.0	3		
	4820.1	 0.0	 0.0	3		
	4823.1	 0.0	 0.0	3		
	4826.1	 0.0	 0.0	3		
	4829.1	 0.0	 0.0	3		
	4832.1	 0.0	 0.0	3		
	4835.1	 0.0	 0.0	2		
	4838.1	 0.0	 0.0	2		
	4841.1	 0.0	 0.0	2		
	4844.1	 0.0	 0.0	2		
	4847.1	 0.0	 0.0	2		
	4850.1	 0.0	 0.0	2		
	4853.1	 0.0	 0.0	2		
	4856.1	300.0	21.0	2		
	4859.1	300.0	 3.0	2		
	4862.1	300.0	 3.0	2		
	4865.1	300.0	 3.0	2		
	4868.1	300.0	 3.0	2		
	4871.1	300.0	 3.0	2		
	4874.1	300.0	 3.0	2		
	4877.1	 0.0	 0.0	2		
	4880.1	 0.0	 0.0	2		
	4883.1	 0.0	 0.0	2		
	4886.1	 0.0	 0.0	2		
	4889.1	 0.0	 0.0	2		
	4892.1	 0.0	 0.0	2		
	4895.1	 0.0	 0.0	1		
	4898.1	 0.0	 0.0	1		
	4901.1	 0.0	 0.0	1		
	4904.1	 0.0	 0.0	1		
	4907.1	 0.0	 0.0	1		
	4910.1	 0.0	 0.0	1		
	4913.1	 0.0	 0.0	1		
	4916.1	 0.0	 0.0	1		
	4919.1	300.0	 4.0	1		
	4922.1	300.0	 3.0	1		
	4925.1	300.0	 3.0	1		
	4928.1	300.0	 3.0	1		
	4931.1	300.0	 3.0	1		
	4934.1	300.0	 3.0	1		
	4937.1	 0.0	 0.0	1		
	4940.1	 0.0	 0.0	1		
	4943.1	 0.0	 0.0	1		
	4946.1	 0.0	 0.0	1		
	4949.1	 0.0	 0.0	1		
	4952.1	 0.0	 0.0	1		
	4955.1	 0.0	 0.0	1		
	4958.1	 0.0	 0.0	12		
	4961.1	 0.0	 0.0	12		
	4964.1	 0.0	 0.0	12		
	4967.1	 0.0	 0.0	12		
	4970.1	 0.0	 0.0	12		
	4973.1	 0.0	 0.0	12		
	4976.1	 0.0	 0.0	12		
	4979.1	 0.0	 0.0	12		
	4982.1	178.0	50.0	12		
	4985.1	300.0	 3.0	12		
	4988.1	300.0	 3.0	12		
	4991.1	300.0	 3.0	12		
	4994.1	 0.0	 0.0	12		
	4997.1	 0.0	 0.0	12		
	5000.1	 0.0	 0.0	12		
	5003.1	 0.0	 0.0	12		
	5006.1	 0.0	 0.0	12		
	5009.1	 0.0	 0.0	12		
	5012.1	 0.0	 0.0	12		
	5015.1	 0.0	 0.0	12		
	5018.1	 0.0	 0.0	12		
	5021.1	 0.0	 0.0	12		
	5024.1	 0.0	 0.0	12		
	5027.1	 0.0	 0.0	12		
	5030.1	 0.0	 0.0	12		
	5033.1	100.0	50.0	12		
	5036.1	300.0	 3.0	12		
	5039.1	300.0	 3.0	12		
	5042.1	300.0	 3.0	12		
	5045.1	300.0	 3.0	12		
	5048.1	300.0	 3.0	12		
	5051.1	300.0	 3.0	12		
	5054.1	 0.0	 0.0	12		
	5057.1	 0.0	 0.0	12		
	5060.1	 0.0	 0.0	12		
	5063.1	 0.0	 0.0	12		
	5066.1	 0.0	 0.0	12		
	5069.1	 0.0	 0.0	12		
	5072.1	 0.0	 0.0	12		
	5075.1	 0.0	 0.0	7		
	5078.1	 0.0	 0.0	7		
	5081.1	 0.0	 0.0	7		
	5084.1	 0.0	 0.0	7		
	5087.1	 0.0	 0.0	7		
	5090.1	 0.0	 0.0	7		
	5093.1	 0.0	 0.0	7		
	5096.1	300.0	21.0	7		
	5099.1	300.0	 3.0	7		
	5102.1	300.0	 3.0	7		
	5105.1	300.0	 3.0	7		
	5108.1	300.0	 3.0	7		
	5111.1	300.0	 3.0	7		
	5114.1	300.0	 3.0	7		
	5117.1	 0.0	 0.0	7		
	5120.1	 0.0	 0.0	7		
	5123.1	 0.0	 0.0	7		
	5126.1	 0.0	 0.0	7		
	5129.1	 0.0	 0.0	7		
	5132.1	 0.0	 0.0	7		
	5135.1	 0.0	 0.0	6		
	5138.1	 0.0	 0.0	6		
	5141.1	 0.0	 0.0	6		
	5144.1	 0.0	 0.0	6		
	5147.1	 0.0	 0.0	6		
	5150.1	 0.0	 0.0	6		
	5153.1	 0.0	 0.0	6		
	5156.1	 0.0	 0.0	6		
	5159.1	300.0	 4.0	6		
	5162.1	300.0	 3.0	6		
	5165.1	300.0	 3.0	6		
	5168.1	300.0	 3.0	6		
	5171.1	300.0	 3.0	6		
	5174.1	300.0	 3.0	6		
	5177.1	 0.0	 0.0	6		
	5180.1	 0.0	 0.0	6		
	5183.1	 0.0	 0.0	6		
	5186.1	 0.0	 0.0	6		
	5189.1	 0.0	 0.0	6		
	5192.1	 0.0	 0.0	6		
	5195.1	 0.0	 0.0	6		
	5198.1	 0.0	 0.0	5		
	5201.1	 0.0	 0.0	5		
	5204.1	 0.0	 0.0	5		
	5207.1	 0.0	 0.0	5		
	5210.1	 0.0	 0.0	5		
	5213.1	 0.0	 0.0	5		
	5216.1	 0.0	 0.0	5		
	5219.1	212.0	50.0	5		
	5222.1	300.0	 3.0	5		
	5225.1	300.0	 3.0	5		
	5228.1	300.0	 3.0	5		
	5231.1	300.0	 3.0	5		
	5234.1	300.0	 3.0	5		
	5237.1	300.0	 3.0	5		
	5240.1	 0.0	 0.0	5		
	5243.1	 0.0	 0.0	5		
	5246.1	 0.0	 0.0	5		
	5249.1	 0.0	 0.0	5		
	5252.1	 0.0	 0.0	5		
	5255.1	 0.0	 0.0	5		
	5258.1	 0.0	 0.0	4		
	5261.1	 0.0	 0.0	4		
	5264.1	 0.0	 0.0	4		
	5267.1	 0.0	 0.0	4		
	5270.1	 0.0	 0.0	4		
	5273.1	 0.0	 0.0	4		
	5276.1	 0.0	 0.0	4		
	5279.1	 0.0	 0.0	4		
	5282.1	300.0	 4.0	4		
	5285.1	300.0	 3.0	4		
	5288.1	300.0	 3.0	4		
	5291.1	300.0	 3.0	4		
	5294.1	300.0	 3.0	4		
	5297.1	300.0	 3.0	4		
	5300.1	 0.0	 0.0	4		
	5303.1	 0.0	 0.0	4		
	5306.1	 0.0	 0.0	4		
	5309.1	 0.0	 0.0	4		
	5312.1	 0.0	 0.0	4		
	5315.1	 0.0	 0.0	4		
	5318.1	 0.0	 0.0	4		
	5321.1	 0.0	 0.0	3		
	5324.1	 0.0	 0.0	3		
	5327.1	 0.0	 0.0	3		
	5330.1	 0.0	 0.0	3		
	5333.1	 0.0	 0.0	3		
	5336.1	 0.0	 0.0	3		
	5339.1	 0.0	 0.0	3		
	5342.1	171.0	50.0	3		
	5345.1	300.0	 3.0	3		
	5348.1	300.0	 3.0	3		
	5351.1	300.0	 3.0	3		
	5354.1	300.0	 3.0	3		
	5357.1	300.0	 3.0	3		
	5360.1	300.0	 3.0	3		
	5363.1	 0.0	 0.0	3		
	5366.1	 0.0	 0.0	3		
	5369.1	 0.0	 0.0	3		
	5372.1	 0.0	 0.0	3		
	5375.1	 0.0	 0.0	3		
	5378.1	 0.0	 0.0	3		
	5381.1	 0.0	 0.0	3		
	5384.1	 0.0	 0.0	2		
	5387.1	 0.0	 0.0	2		
	5390.1	 0.0	 0.0	2		
	5393.1	 0.0	 0.0	2		
	5396.1	 0.0	 0.0	2		
	5399.1	 0.0	 0.0	2		
	5402.1	 0.0	 0.0	2		
	5405.1	311.0	 8.0	2		
	5408.1	300.0	 3.0	2		
	5411.1	300.0	 3.0	2		
	5414.1	300.0	 3.0	2		
	5417.1	300.0	 3.0	2		
	5420.1	300.0	 3.0	2		
	5423.1	300.0	 3.0	2		
	5426.1	 0.0	 0.0	2		
	5429.1	 0.0	 0.0	2		
	5432.1	 0.0	 0.0	2		
	5435.1	 0.0	 0.0	2		
	5438.1	 0.0	 0.0	2		
	5441.1	 0.0	 0.0	2		
	5444.1	 0.0	 0.0	1		
	5447.1	 0.0	 0.0	1		
	5450.1	 0.0	 0.0	1		
	5453.1	 0.0	 0.0	1		
	5456.1	 0.0	 0.0	1		
	5459.1	 0.0	 0.0	1		
	5462.1	 0.0	 0.0	1		
	5465.1	105.0	50.0	1		
	5468.1	300.0	 3.0	1		
	5471.1	300.0	 3.0	1		
	5474.1	300.0	 3.0	1		
	5477.1	300.0	 3.0	1		
	5480.1	300.0	 3.0	1		
	5483.1	300.0	 3.0	1		
	5486.1	 0.0	 0.0	1		
	5489.1	 0.0	 0.0	1		
	5492.1	 0.0	 0.0	1		
	5495.1	 0.0	 0.0	1		
	5498.1	 0.0	 0.0	1		
	5501.1	 0.0	 0.0	1		
	5504.1	 0.0	 0.0	1		
	5507.1	 0.0	 0.0	11		
	5510.1	 0.0	 0.0	11		
	5513.1	 0.0	 0.0	11		
	5516.1	 0.0	 0.0	11		
	5519.1	 0.0	 0.0	11		
	5522.1	 0.0	 0.0	11		
	5525.1	 0.0	 0.0	11		
	5528.1	 0.0	 0.0	11		
	5531.1	300.0	 0.0	11		
	5534.1	300.0	 0.0	11		
	5537.1	300.0	 0.0	11		
	5540.1	 0.0	 0.0	11		
	5543.1	 0.0	 0.0	11		
	5546.1	 0.0	 0.0	11		
	5549.1	 0.0	 0.0	11		
	5552.1	 0.0	 0.0	11		
	5555.1	 0.0	 0.0	11		
	5558.1	 0.0	 0.0	11		
	5561.1	 0.0	 0.0	11		
	5564.1	 0.0	 0.0	11		
	5567.1	 0.0	 0.0	11		
	5570.1	 0.0	 0.0	11		
	5573.1	 0.0	 0.0	11		
	5576.1	 0.0	 0.0	11		
	5579.1	 0.0	 0.0	11		
	5582.1	192.0	50.0	11		
	5585.1	300.0	 3.0	11		
	5588.1	300.0	 3.0	11		
	5591.1	300.0	 3.0	11		
	5594.1	300.0	 3.0	11		
	5597.1	300.0	 3.0	11		
	5600.1	300.0	 3.0	11		
	5603.1	 0.0	 0.0	11		
	5606.1	 0.0	 0.0	11		
	5609.1	 0.0	 0.0	11		
	5612.1	 0.0	 0.0	11		
	5615.1	 0.0	 0.0	11		
	5618.1	 0.0	 0.0	11		
	5621.1	 0.0	 0.0	11		
	5624.1	 0.0	 0.0	7		
	5627.1	 0.0	 0.0	7		
	5630.1	 0.0	 0.0	7		
	5633.1	 0.0	 0.0	7		
	5636.1	 0.0	 0.0	7		
	5639.1	 0.0	 0.0	7		
	5642.1	 0.0	 0.0	7		
	5645.1	300.0	 6.0	7		
	5648.1	300.0	 3.0	7		
	5651.1	300.0	 3.0	7		
	5654.1	300.0	 3.0	7		
	5657.1	300.0	 3.0	7		
	5660.1	300.0	 3.0	7		
	5663.1	300.0	 3.0	7		
	5666.1	 0.0	 0.0	7		
	5669.1	 0.0	 0.0	7		
	5672.1	 0.0	 0.0	7		
	5675.1	 0.0	 0.0	7		
	5678.1	 0.0	 0.0	7		
	5681.1	 0.0	 0.0	7		
	5684.1	 0.0	 0.0	6		
	5687.1	 0.0	 0.0	6		
	5690.1	 0.0	 0.0	6		
	5693.1	 0.0	 0.0	6		
	5696.1	 0.0	 0.0	6		
	5699.1	 0.0	 0.0	6		
	5702.1	 0.0	 0.0	6		
	5705.1	114.0	50.0	6		
	5708.1	300.0	 3.0	6		
	5711.1	300.0	 3.0	6		
	5714.1	300.0	 3.0	6		
	5717.1	300.0	 3.0	6		
	5720.1	300.0	 3.0	6		
	5723.1	300.0	 3.0	6		
	5726.1	 0.0	 0.0	6		
	5729.1	 0.0	 0.0	6		
	5732.1	 0.0	 0.0	6		
	5735.1	 0.0	 0.0	6		
	5738.1	 0.0	 0.0	6		
	5741.1	 0.0	 0.0	6		
	5744.1	 0.0	 0.0	6		
	5747.1	 0.0	 0.0	5		
	5750.1	 0.0	 0.0	5		
	5753.1	 0.0	 0.0	5		
	5756.1	 0.0	 0.0	5		
	5759.1	 0.0	 0.0	5		
	5762.1	 0.0	 0.0	5		
	5765.1	 0.0	 0.0	5		
	5768.1	310.0	 0.0	5		
	5771.1	300.0	 0.0	5		
	5774.1	300.0	 0.0	5		
	5777.1	300.0	 0.0	5		
	5780.1	300.0	 0.0	5		
	5783.1	300.0	 0.0	5		
	5786.1	300.0	 0.0	5		
	5789.1	 0.0	 0.0	5		
	5792.1	 0.0	 0.0	5		
	5795.1	 0.0	 0.0	5		
	5798.1	 0.0	 0.0	5		
	5801.1	 0.0	 0.0	5		
	5804.1	 0.0	 0.0	5		
	5807.1	 0.0	 0.0	4		
	5810.1	 0.0	 0.0	4		
	5813.1	 0.0	 0.0	4		
	5816.1	 0.0	 0.0	4		
	5819.1	 0.0	 0.0	4		
	5822.1	 0.0	 0.0	4		
	5825.1	 0.0	 0.0	4		
	5828.1	 0.0	 0.0	4		
	5831.1	300.0	 3.0	4		
	5834.1	300.0	 3.0	4		
	5837.1	300.0	 3.0	4		
	5840.1	300.0	 3.0	4		
	5843.1	300.0	 3.0	4		
	5846.1	300.0	 3.0	4		
	5849.1	 0.0	 0.0	4		
	5852.1	 0.0	 0.0	4		
	5855.1	 0.0	 0.0	4		
	5858.1	 0.0	 0.0	4		
	5861.1	 0.0	 0.0	4		
	5864.1	 0.0	 0.0	4		
	5867.1	 0.0	 0.0	4		
	5870.1	 0.0	 0.0	3		
	5873.1	 0.0	 0.0	3		
	5876.1	 0.0	 0.0	3		
	5879.1	 0.0	 0.0	3		
	5882.1	 0.0	 0.0	3		
	5885.1	 0.0	 0.0	3		
	5888.1	 0.0	 0.0	3		
	5891.1	283.0	34.0	3		
	5894.1	300.0	 3.0	3		
	5897.1	300.0	 3.0	3		
	5900.1	300.0	 3.0	3		
	5903.1	300.0	 3.0	3		
	5906.1	300.0	 3.0	3		
	5909.1	300.0	 3.0	3		
	5912.1	 0.0	 0.0	3		
	5915.1	 0.0	 0.0	3		
	5918.1	 0.0	 0.0	3		
	5921.1	 0.0	 0.0	3		
	5924.1	 0.0	 0.0	3		
	5927.1	 0.0	 0.0	3		
	5930.1	 0.0	 0.0	2		
	5933.1	 0.0	 0.0	2		
	5936.1	 0.0	 0.0	2		
	5939.1	 0.0	 0.0	2		
	5942.1	 0.0	 0.0	2		
	5945.1	 0.0	 0.0	2		
	5948.1	 0.0	 0.0	2		
	5951.1	 0.0	 0.0	2		
	5954.1	300.0	 2.0	2		
	5957.1	300.0	 2.0	2		
	5960.1	300.0	 2.0	2		
	5963.1	300.0	 2.0	2		
	5966.1	300.0	 3.0	2		
	5969.1	300.0	 3.0	2		
	5972.1	 0.0	 0.0	2		
	5975.1	 0.0	 0.0	2		
	5978.1	 0.0	 0.0	2		
	5981.1	 0.0	 0.0	2		
	5984.1	 0.0	 0.0	2		
	5987.1	 0.0	 0.0	2		
	5990.1	 0.0	 0.0	2		
	5993.1	 0.0	 0.0	1		
	5996.1	 0.0	 0.0	1		
	5999.1	 0.0	 0.0	1		
	6002.1	 0.0	 0.0	1		
	6005.1	 0.0	 0.0	1		
	6008.1	 0.0	 0.0	1		
	6011.1	 0.0	 0.0	1		
	6014.1	199.0	50.0	1		
	6017.1	300.0	 3.0	1		
	6020.1	300.0	 3.0	1		
	6023.1	300.0	 3.0	1		
	6026.1	300.0	 3.0	1		
	6029.1	300.0	 3.0	1		
	6032.1	300.0	 3.0	1		
	6035.1	 0.0	 0.0	1		
	6038.1	 0.0	 0.0	1		
	6041.1	 0.0	 0.0	1		
	6044.1	 0.0	 0.0	1		
	6047.1	 0.0	 0.0	1		
	6050.1	 0.0	 0.0	1		
	6053.1	 0.0	 0.0	1		
	6056.1	 0.0	 0.0	10		
	6059.1	 0.0	 0.0	10		
	6062.1	 0.0	 0.0	10		
	6065.1	 0.0	 0.0	10		
	6068.1	 0.0	 0.0	10		
	6071.1	 0.0	 0.0	10		
	6074.1	 0.0	 0.0	10		
	6077.1	 0.0	 0.0	10		
	6080.1	310.0	 7.0	10		
	6083.1	300.0	 3.0	10		
	6086.1	300.0	 3.0	10		
	6089.1	 0.0	 0.0	10		
	6092.1	 0.0	 0.0	10		
	6095.1	 0.0	 0.0	10		
	6098.1	 0.0	 0.0	10		
	6101.1	 0.0	 0.0	10		
	6104.1	 0.0	 0.0	10		
	6107.1	 0.0	 0.0	10		
	6110.1	 0.0	 0.0	10		
	6113.1	 0.0	 0.0	10		
	6116.1	 0.0	 0.0	10		
	6119.1	 0.0	 0.0	10		
	6122.1	 0.0	 0.0	10		
	6125.1	 0.0	 0.0	10		
	6128.1	 0.0	 0.0	10		
	6131.1	290.0	31.0	10		
	6134.1	300.0	 3.0	10		
	6137.1	300.0	 3.0	10		
	6140.1	300.0	 3.0	10		
	6143.1	300.0	 3.0	10		
	6146.1	300.0	 3.0	10		
	6149.1	300.0	 3.0	10		
	6152.1	 0.0	 0.0	10		
	6155.1	 0.0	 0.0	10		
	6158.1	 0.0	 0.0	10		
	6161.1	 0.0	 0.0	10		
	6164.1	 0.0	 0.0	10		
	6167.1	 0.0	 0.0	10		
	6170.1	 0.0	 0.0	7		
	6173.1	 0.0	 0.0	7		
	6176.1	 0.0	 0.0	7		
	6179.1	 0.0	 0.0	7		
	6182.1	 0.0	 0.0	7		
	6185.1	 0.0	 0.0	7		
	6188.1	 0.0	 0.0	7		
	6191.1	 0.0	 0.0	7		
	6194.1	300.0	 3.0	7		
	6197.1	300.0	 3.0	7		
	6200.1	300.0	 3.0	7		
	6203.1	300.0	 3.0	7		
	6206.1	300.0	 3.0	7		
	6209.1	300.0	 3.0	7		
	6212.1	 0.0	 0.0	7		
	6215.1	 0.0	 0.0	7		
	6218.1	 0.0	 0.0	7		
	6221.1	 0.0	 0.0	7		
	6224.1	 0.0	 0.0	7		
	6227.1	 0.0	 0.0	7		
	6230.1	 0.0	 0.0	7		
	6233.1	 0.0	 0.0	6		
	6236.1	 0.0	 0.0	6		
	6239.1	 0.0	 0.0	6		
	6242.1	 0.0	 0.0	6		
	6245.1	 0.0	 0.0	6		
	6248.1	 0.0	 0.0	6		
	6251.1	 0.0	 0.0	6		
	6254.1	203.0	50.0	6		
	6257.1	300.0	 3.0	6		
	6260.1	300.0	 3.0	6		
	6263.1	300.0	 3.0	6		
	6266.1	300.0	 3.0	6		
	6269.1	300.0	 3.0	6		
	6272.1	300.0	 3.0	6		
	6275.1	 0.0	 0.0	6		
	6278.1	 0.0	 0.0	6		
	6281.1	 0.0	 0.0	6		
	6284.1	 0.0	 0.0	6		
	6287.1	 0.0	 0.0	6		
	6290.1	 0.0	 0.0	6		
	6293.1	 0.0	 0.0	6		goto;1348
	6296.1	 0.0	 0.0	5		
	6299.1	 0.0	 0.0	5		
	6302.1	 0.0	 0.0	5		
	6305.1	 0.0	 0.0	5		
	6308.1	 0.0	 0.0	5		
	6311.1	 0.0	 0.0	5		
	6314.1	 0.0	 0.0	5		
	6317.1	300.0	 6.0	5		
	6320.1	300.0	 3.0	5		
	6323.1	300.0	 3.0	5		
	6326.1	300.0	 3.0	5		
	6329.1	300.0	 3.0	5		
	6332.1	300.0	 3.0	5		
	6335.1	300.0	 3.0	5		
	6338.1	 0.0	 0.0	5		
	6341.1	 0.0	 0.0	5		
	6344.1	 0.0	 0.0	5		
	6347.1	 0.0	 0.0	5		
	6350.1	 0.0	 0.0	5		
	6353.1	 0.0	 0.0	5		
	6356.1	 0.0	 0.0	4		
	6359.1	 0.0	 0.0	4		
	6362.1	 0.0	 0.0	4		
	6365.1	 0.0	 0.0	4		
	6368.1	 0.0	 0.0	4		
	6371.1	 0.0	 0.0	4		
	6374.1	 0.0	 0.0	4		
	6377.1	151.0	50.0	4		
	6380.1	300.0	 3.0	4		
	6383.1	300.0	 3.0	4		
	6386.1	300.0	 3.0	4		
	6389.1	300.0	 3.0	4		
	6392.1	300.0	 3.0	4		
	6395.1	300.0	 3.0	4		
	6398.1	 0.0	 0.0	4		
	6401.1	 0.0	 0.0	4		
	6404.1	 0.0	 0.0	4		
	6407.1	 0.0	 0.0	4		
	6410.1	 0.0	 0.0	4		
	6413.1	 0.0	 0.0	4		
	6416.1	 0.0	 0.0	4		
	6419.1	 0.0	 0.0	3		
	6422.1	 0.0	 0.0	3		
	6425.1	 0.0	 0.0	3		
	6428.1	 0.0	 0.0	3		
	6431.1	 0.0	 0.0	3		
	6434.1	 0.0	 0.0	3		
	6437.1	 0.0	 0.0	3		
	6440.1	318.0	12.0	3		
	6443.1	300.0	 3.0	3		
	6446.1	300.0	 3.0	3		
	6449.1	300.0	 3.0	3		
	6452.1	300.0	 3.0	3		
	6455.1	300.0	 3.0	3		
	6458.1	300.0	 3.0	3		
	6461.1	 0.0	 0.0	3		
	6464.1	 0.0	 0.0	3		
	6467.1	 0.0	 0.0	3		
	6470.1	 0.0	 0.0	3		
	6473.1	 0.0	 0.0	3		
	6476.1	 0.0	 0.0	3		
	6479.1	 0.0	 0.0	2		
	6482.1	 0.0	 0.0	2		
	6485.1	 0.0	 0.0	2		
	6488.1	 0.0	 0.0	2		
	6491.1	 0.0	 0.0	2		
	6494.1	 0.0	 0.0	2		
	6497.1	 0.0	 0.0	2		
	6500.1	100.0	50.0	2		
	6503.1	300.0	 3.0	2		
	6506.1	300.0	 3.0	2		
	6509.1	300.0	 3.0	2		
	6512.1	300.0	 3.0	2		
	6515.1	300.0	 3.0	2		
	6518.1	300.0	 3.0	2		
	6521.1	 0.0	 0.0	2		
	6524.1	 0.0	 0.0	2		
	6527.1	 0.0	 0.0	2		
	6530.1	 0.0	 0.0	2		
	6533.1	 0.0	 0.0	2		
	6536.1	 0.0	 0.0	2		
	6539.1	 0.0	 0.0	2		
	6542.1	 0.0	 0.0	1		
	6545.1	 0.0	 0.0	1		
	6548.1	 0.0	 0.0	1		
	6551.1	 0.0	 0.0	1		
	6554.1	 0.0	 0.0	1		
	6557.1	 0.0	 0.0	1		
	6560.1	 0.0	 0.0	1		
	6563.1	300.0	28.0	1		
	6566.1	300.0	 3.0	1		
	6569.1	300.0	 3.0	1		
	6572.1	300.0	 3.0	1		
	6575.1	300.0	 3.0	1		
	6578.1	300.0	 3.0	1		
	6581.1	300.0	 3.0	1		
	6584.1	 0.0	 0.0	1		
	6587.1	 0.0	 0.0	1		
	6590.1	 0.0	 0.0	1		
	6593.1	 0.0	 0.0	1		
	6596.1	 0.0	 0.0	1		
	6599.1	 0.0	 0.0	1		
	6602.1	 0.0	 0.0	9		
	6605.1	 0.0	 0.0	9		
	6608.1	 0.0	 0.0	9		
	6611.1	 0.0	 0.0	9		
	6614.1	 0.0	 0.0	9		
	6617.1	 0.0	 0.0	9		
	6620.1	 0.0	 0.0	9		
	6623.1	 0.0	 0.0	9		
	6626.1	 0.0	 0.0	9		
	6629.1	300.0	 4.0	9		
	6632.1	300.0	 3.0	9		
	6635.1	300.0	 3.0	9		
	6638.1	 0.0	 0.0	9		
	6641.1	 0.0	 0.0	9		
	6644.1	 0.0	 0.0	9		
	6647.1	 0.0	 0.0	9		
	6650.1	 0.0	 0.0	9		
	6653.1	 0.0	 0.0	9		
	6656.1	 0.0	 0.0	9		
	6659.1	 0.0	 0.0	9		
	6662.1	 0.0	 0.0	9		
	6665.1	 0.0	 0.0	9		
	6668.1	 0.0	 0.0	9		
	6671.1	 0.0	 0.0	9		
	6674.1	 0.0	 0.0	9		
	6677.1	 0.0	 0.0	9		
	6680.1	300.0	 0.0	9		
	6683.1	300.0	 0.0	9		
	6686.1	300.0	 0.0	9		
	6689.1	300.0	 0.0	9		
	6692.1	300.0	 0.0	9		
	6695.1	300.0	 0.0	9		
	6698.1	300.0	 0.0	9		
	6701.1	 0.0	 0.0	9		
	6704.1	 0.0	 0.0	9		
	6707.1	 0.0	 0.0	9		
	6710.1	 0.0	 0.0	9		
	6713.1	 0.0	 0.0	9		
	6716.1	 0.0	 0.0	9		
	6719.1	 0.0	 0.0	7		
	6722.1	 0.0	 0.0	7		
	6725.1	 0.0	 0.0	7		
	6728.1	 0.0	 0.0	7		
	6731.1	 0.0	 0.0	7		
	6734.1	 0.0	 0.0	7		
	6737.1	 0.0	 0.0	7		
	6740.1	96.0	50.0	7		
	6743.1	300.0	 3.0	7		
	6746.1	300.0	 3.0	7		
	6749.1	300.0	 3.0	7		
	6752.1	300.0	 3.0	7		
	6755.1	300.0	 3.0	7		
	6758.1	300.0	 3.0	7		
	6761.1	 0.0	 0.0	7		
	6764.1	 0.0	 0.0	7		
	6767.1	 0.0	 0.0	7		
	6770.1	 0.0	 0.0	7		
	6773.1	 0.0	 0.0	7		
	6776.1	 0.0	 0.0	7		
	6779.1	 0.0	 0.0	7		
	6782.1	 0.0	 0.0	6		
	6785.1	 0.0	 0.0	6		
	6788.1	 0.0	 0.0	6		
	6791.1	 0.0	 0.0	6		
	6794.1	 0.0	 0.0	6		
	6797.1	 0.0	 0.0	6		
	6800.1	 0.0	 0.0	6		
	6803.1	312.0	 0.0	6		
	6806.1	300.0	 0.0	6		
	6809.1	300.0	 0.0	6		
	6812.1	300.0	 0.0	6		
	6815.1	300.0	 0.0	6		
	6818.1	300.0	 0.0	6		
	6821.1	300.0	 0.0	6		
	6824.1	 0.0	 0.0	6		
	6827.1	 0.0	 0.0	6		
	6830.1	 0.0	 0.0	6		
	6833.1	 0.0	 0.0	6		
	6836.1	 0.0	 0.0	6		
	6839.1	 0.0	 0.0	6		
	6842.1	 0.0	 0.0	5		
	6845.1	 0.0	 0.0	5		
	6848.1	 0.0	 0.0	5		
	6851.1	 0.0	 0.0	5		
	6854.1	 0.0	 0.0	5		
	6857.1	 0.0	 0.0	5		
	6860.1	 0.0	 0.0	5		
	6863.1	 0.0	 0.0	5		
	6866.1	300.0	 0.0	5		
	6869.1	300.0	 0.0	5		
	6872.1	300.0	 0.0	5		
	6875.1	300.0	 0.0	5		
	6878.1	300.0	 0.0	5		
	6881.1	300.0	 0.0	5		
	6884.1	 0.0	 0.0	5		
	6887.1	 0.0	 0.0	5		
	6890.1	 0.0	 0.0	5		
	6893.1	 0.0	 0.0	5		
	6896.1	 0.0	 0.0	5		
	6899.1	 0.0	 0.0	5		
	6902.1	 0.0	 0.0	5		
	6905.1	 0.0	 0.0	4		
	6908.1	 0.0	 0.0	4		
	6911.1	 0.0	 0.0	4		
	6914.1	 0.0	 0.0	4		
	6917.1	 0.0	 0.0	4		
	6920.1	 0.0	 0.0	4		
	6923.1	 0.0	 0.0	4		
	6926.1	261.0	49.0	4		
	6929.1	300.0	 3.0	4		
	6932.1	300.0	 3.0	4		
	6935.1	300.0	 3.0	4		
	6938.1	300.0	 3.0	4		
	6941.1	300.0	 3.0	4		
	6944.1	300.0	 3.0	4		
	6947.1	 0.0	 0.0	4		
	6950.1	 0.0	 0.0	4		
	6953.1	 0.0	 0.0	4		
	6956.1	 0.0	 0.0	4		
	6959.1	 0.0	 0.0	4		
	6962.1	 0.0	 0.0	4		
	6965.1	 0.0	 0.0	3		
	6968.1	 0.0	 0.0	3		
	6971.1	 0.0	 0.0	3		
	6974.1	 0.0	 0.0	3		
	6977.1	 0.0	 0.0	3		
	6980.1	 0.0	 0.0	3		
	6983.1	 0.0	 0.0	3		
	6986.1	 0.0	 0.0	3		
	6989.1	300.0	 4.0	3		
	6992.1	300.0	 3.0	3		
	6995.1	300.0	 3.0	3		
	6998.1	300.0	 3.0	3		
	7001.1	300.0	 3.0	3		
	7004.1	300.0	 3.0	3		
	7007.1	 0.0	 0.0	3		
	7010.1	 0.0	 0.0	3		
	7013.1	 0.0	 0.0	3		
	7016.1	 0.0	 0.0	3		
	7019.1	 0.0	 0.0	3		
	7022.1	 0.0	 0.0	3		
	7025.1	 0.0	 0.0	3		
	7028.1	 0.0	 0.0	2		
	7031.1	 0.0	 0.0	2		
	7034.1	 0.0	 0.0	2		
	7037.1	 0.0	 0.0	2		
	7040.1	 0.0	 0.0	2		
	7043.1	 0.0	 0.0	2		
	7046.1	 0.0	 0.0	2		
	7049.1	175.0	16.0	2		
	7052.1	300.0	 0.0	2		
	7055.1	300.0	 0.0	2		
	7058.1	300.0	 0.0	2		
	7061.1	300.0	 0.0	2		
	7064.1	300.0	 0.0	2		
	7067.1	300.0	 0.0	2		
	7070.1	 0.0	 0.0	2		
	7073.1	 0.0	 0.0	2		
	7076.1	 0.0	 0.0	2		
	7079.1	 0.0	 0.0	2		
	7082.1	 0.0	 0.0	2		
	7085.1	 0.0	 0.0	2		
	7088.1	 0.0	 0.0	2		
	7091.1	 0.0	 0.0	1		
	7094.1	 0.0	 0.0	1		
	7097.1	 0.0	 0.0	1		
	7100.1	 0.0	 0.0	1		
	7103.1	 0.0	 0.0	1		
	7106.1	 0.0	 0.0	1		
	7109.1	 0.0	 0.0	1		
	7112.1	300.0	 0.0	1		
	7115.1	300.0	 1.0	1		
	7118.1	300.0	 0.0	1		
	7121.1	300.0	 1.0	1		
	7124.1	300.0	 1.0	1		
	7127.1	300.0	 1.0	1		
	7130.1	300.0	 1.0	1		
	7133.1	 0.0	 0.0	1		
	7136.1	 0.0	 0.0	1		
	7139.1	 0.0	 0.0	1		
	7142.1	 0.0	 0.0	1		
	7145.1	 0.0	 0.0	1		
	7148.1	 0.0	 0.0	1		
	7151.1	 0.0	 0.0	8		
	7154.1	 0.0	 0.0	8		
	7157.1	 0.0	 0.0	8		
	7160.1	 0.0	 0.0	8		
	7163.1	 0.0	 0.0	8		
	7166.1	 0.0	 0.0	8		
	7169.1	 0.0	 0.0	8		
	7172.1	 0.0	 0.0	8		
	7175.1	 0.0	 0.0	8		
	7178.1	300.0	 3.0	8		
	7181.1	300.0	 3.0	8		
	7184.1	300.0	 3.0	8		
	7187.1	 0.0	 0.0	8		
	7190.1	 0.0	 0.0	8		
	7193.1	 0.0	 0.0	8		
	7196.1	 0.0	 0.0	8		
	7199.1	 0.0	 0.0	8		
	7202.1	 0.0	 0.0	8		
	7205.1	 0.0	 0.0	8		
	7208.1	 0.0	 0.0	8		
	7211.1	 0.0	 0.0	8		
	7214.1	 0.0	 0.0	8		
	7217.1	 0.0	 0.0	8		
	7220.1	 0.0	 0.0	8		
	7223.1	 0.0	 0.0	8		
	7226.1	 0.0	 0.0	8		
	7229.1	300.0	 4.0	8		
	7232.1	300.0	 3.0	8		
	7235.1	300.0	 3.0	8		
	7238.1	300.0	 3.0	8		
	7241.1	300.0	 3.0	8		
	7244.1	300.0	 3.0	8		
	7247.1	 0.0	 0.0	8		
	7250.1	 0.0	 0.0	8		
	7253.1	 0.0	 0.0	8		
	7256.1	 0.0	 0.0	8		
	7259.1	 0.0	 0.0	8		
	7262.1	 0.0	 0.0	8		
	7265.1	 0.0	 0.0	8		
	7268.1	 0.0	 0.0	7		
	7271.1	 0.0	 0.0	7		
	7274.1	 0.0	 0.0	7		
	7277.1	 0.0	 0.0	7		
	7280.1	 0.0	 0.0	7		
	7283.1	 0.0	 0.0	7		
	7286.1	 0.0	 0.0	7		
	7289.1	184.0	50.0	7		
	7292.1	300.0	 3.0	7		
	7295.1	300.0	 3.0	7		
	7298.1	300.0	 3.0	7		
	7301.1	300.0	 3.0	7		
	7304.1	300.0	 3.0	7		
	7307.1	300.0	 3.0	7		
	7310.1	 0.0	 0.0	7		
	7313.1	 0.0	 0.0	7		
	7316.1	 0.0	 0.0	7		
	7319.1	 0.0	 0.0	7		
	7322.1	 0.0	 0.0	7		
	7325.1	 0.0	 0.0	7		
	7328.1	 0.0	 0.0	7		
	7331.1	 0.0	 0.0	6		
	7334.1	 0.0	 0.0	6		
	7337.1	 0.0	 0.0	6		
	7340.1	 0.0	 0.0	6		
	7343.1	 0.0	 0.0	6		
	7346.1	 0.0	 0.0	6		
	7349.1	 0.0	 0.0	6		
	7352.1	300.0	 0.0	6		
	7355.1	300.0	 0.0	6		
	7358.1	300.0	 0.0	6		
	7361.1	300.0	 0.0	6		
	7364.1	300.0	 0.0	6		
	7367.1	300.0	 0.0	6		
	7370.1	300.0	 0.0	6		
	7373.1	 0.0	 0.0	6		
	7376.1	 0.0	 0.0	6		
	7379.1	 0.0	 0.0	6		
	7382.1	 0.0	 0.0	6		
	7385.1	 0.0	 0.0	6		
	7388.1	 0.0	 0.0	6		
	7391.1	 0.0	 0.0	5		
	7394.1	 0.0	 0.0	5		
	7397.1	 0.0	 0.0	5		
	7400.1	 0.0	 0.0	5		
	7403.1	 0.0	 0.0	5		
	7406.1	 0.0	 0.0	5		
	7409.1	 0.0	 0.0	5		
	7412.1	114.0	50.0	5		
	7415.1	300.0	 3.0	5		
	7418.1	300.0	 3.0	5		
	7421.1	300.0	 3.0	5		
	7424.1	300.0	 3.0	5		
	7427.1	300.0	 3.0	5		
	7430.1	300.0	 3.0	5		
	7433.1	 0.0	 0.0	5		
	7436.1	 0.0	 0.0	5		
	7439.1	 0.0	 0.0	5		
	7442.1	 0.0	 0.0	5		
	7445.1	 0.0	 0.0	5		
	7448.1	 0.0	 0.0	5		
	7451.1	 0.0	 0.0	5		
	7454.1	 0.0	 0.0	4		
	7457.1	 0.0	 0.0	4		
	7460.1	 0.0	 0.0	4		
	7463.1	 0.0	 0.0	4		
	7466.1	 0.0	 0.0	4		
	7469.1	 0.0	 0.0	4		
	7472.1	 0.0	 0.0	4		
	7475.1	323.0	14.0	4		
	7478.1	300.0	 3.0	4		
	7481.1	300.0	 3.0	4		
	7484.1	300.0	 3.0	4		
	7487.1	300.0	 3.0	4		
	7490.1	300.0	 3.0	4		
	7493.1	300.0	 3.0	4		
	7496.1	 0.0	 0.0	4		
	7499.1	 0.0	 0.0	4		
	7502.1	 0.0	 0.0	4		
	7505.1	 0.0	 0.0	4		
	7508.1	 0.0	 0.0	4		
	7511.1	 0.0	 0.0	4		
	7514.1	 0.0	 0.0	3		
	7517.1	 0.0	 0.0	3		
	7520.1	 0.0	 0.0	3		
	7523.1	 0.0	 0.0	3		
	7526.1	 0.0	 0.0	3		
	7529.1	 0.0	 0.0	3		
	7532.1	 0.0	 0.0	3		
	7535.1	 0.0	 0.0	3		
	7538.1	300.0	 3.0	3		
	7541.1	300.0	 3.0	3		
	7544.1	300.0	 3.0	3		
	7547.1	300.0	 3.0	3		
	7550.1	300.0	 3.0	3		
	7553.1	300.0	 3.0	3		
	7556.1	 0.0	 0.0	3		
	7559.1	 0.0	 0.0	3		
	7562.1	 0.0	 0.0	3		
	7565.1	 0.0	 0.0	3		
	7568.1	 0.0	 0.0	3		
	7571.1	 0.0	 0.0	3		
	7574.1	 0.0	 0.0	3		
	7577.1	 0.0	 0.0	2		
	7580.1	 0.0	 0.0	2		
	7583.1	 0.0	 0.0	2		
	7586.1	 0.0	 0.0	2		
	7589.1	 0.0	 0.0	2		
	7592.1	 0.0	 0.0	2		
	7595.1	 0.0	 0.0	2		
	7598.1	282.0	 8.0	2		
	7601.1	300.0	 0.0	2		
	7604.1	300.0	 0.0	2		
	7607.1	300.0	 0.0	2		
	7610.1	300.0	 0.0	2		
	7613.1	300.0	 0.0	2		
	7616.1	300.0	 0.0	2		
	7619.1	 0.0	 0.0	2		
	7622.1	 0.0	 0.0	2		
	7625.1	 0.0	 0.0	2		
	7628.1	 0.0	 0.0	2		
	7631.1	 0.0	 0.0	2		
	7634.1	 0.0	 0.0	2		
	7637.1	 0.0	 0.0	1		
	7640.1	 0.0	 0.0	1		
	7643.1	 0.0	 0.0	1		
	7646.1	 0.0	 0.0	1		
	7649.1	 0.0	 0.0	1		
	7652.1	 0.0	 0.0	1		
	7655.1	 0.0	 0.0	1		
	7658.1	 0.0	 0.0	1		
	7661.1	300.0	 4.0	1		
	7664.1	300.0	 3.0	1		
	7667.1	300.0	 3.0	1		
	7670.1	300.0	 3.0	1		
	7673.1	300.0	 3.0	1		
	7676.1	300.0	 3.0	1		
	7679.1	 0.0	 0.0	1		
	7682.1	 0.0	 0.0	1		
	7685.1	 0.0	 0.0	1		
	7688.1	 0.0	 0.0	1		
	7691.1	 0.0	 0.0	1		
	7694.1	 0.0	 0.0	1		
	7697.1	 0.0	 0.0	1		
	7700.1	 0.0	 0.0	7		
	7703.1	 0.0	 0.0	7		
	7706.1	 0.0	 0.0	7		
	7709.1	 0.0	 0.0	7		
	7712.1	 0.0	 0.0	7		
	7715.1	 0.0	 0.0	7		
	7718.1	 0.0	 0.0	7		
	7721.1	 0.0	 0.0	7		
	7724.1	171.0	50.0	7		
	7727.1	300.0	 3.0	7		
	7730.1	300.0	 3.0	7		
	7733.1	300.0	 3.0	7		
	7736.1	 0.0	 0.0	7		
	7739.1	 0.0	 0.0	7		
	7742.1	 0.0	 0.0	7		
	7745.1	 0.0	 0.0	7		
	7748.1	 0.0	 0.0	7		
	7751.1	 0.0	 0.0	7		
	7754.1	 0.0	 0.0	7		
	7757.1	 0.0	 0.0	7		
	7760.1	 0.0	 0.0	7		
	7763.1	 0.0	 0.0	7		
	7766.1	 0.0	 0.0	7		
	7769.1	 0.0	 0.0	7		
	7772.1	 0.0	 0.0	7		
	7775.1	 0.0	 0.0	7		
	7778.1	300.0	 3.0	7		
	7781.1	300.0	 3.0	7		
	7784.1	300.0	 3.0	7		
	7787.1	300.0	 3.0	7		
	7790.1	300.0	 3.0	7		
	7793.1	300.0	 3.0	7		
	7796.1	 0.0	 0.0	7		
	7799.1	 0.0	 0.0	7		
	7802.1	 0.0	 0.0	7		
	7805.1	 0.0	 0.0	7		
	7808.1	 0.0	 0.0	7		
	7811.1	 0.0	 0.0	7		
	7814.1	 0.0	 0.0	7		
	7817.1	 0.0	 0.0	7		
	7820.1	 0.0	 0.0	7		
	7823.1	 0.0	 0.0	7		
	7826.1	 0.0	 0.0	7		
	7829.1	 0.0	 0.0	7		
	7832.1	 0.0	 0.0	7		
	7835.1	 0.0	 0.0	7		
	7838.1	292.0	 5.0	7		
	7841.1	300.0	 0.0	7		
	7844.1	300.0	 0.0	7		
	7847.1	300.0	 0.0	7		
	7850.1	300.0	 0.0	7		
	7853.1	300.0	 0.0	7		
	7856.1	300.0	 0.0	7		
	7859.1	 0.0	 0.0	7		
	7862.1	 0.0	 0.0	7		
	7865.1	 0.0	 0.0	7		
	7868.1	 0.0	 0.0	7		
	7871.1	 0.0	 0.0	7		
	7874.1	 0.0	 0.0	7		
	7877.1	 0.0	 0.0	6		
	7880.1	 0.0	 0.0	6		
	7883.1	 0.0	 0.0	6		
	7886.1	 0.0	 0.0	6		
	7889.1	 0.0	 0.0	6		
	7892.1	 0.0	 0.0	6		
	7895.1	 0.0	 0.0	6		
	7898.1	 0.0	 0.0	6		
	7901.1	300.0	 0.0	6		
	7904.1	300.0	 0.0	6		
	7907.1	300.0	 0.0	6		
	7910.1	300.0	 0.0	6		
	7913.1	300.0	 0.0	6		
	7916.1	300.0	 0.0	6		
	7919.1	 0.0	 0.0	6		
	7922.1	 0.0	 0.0	6		
	7925.1	 0.0	 0.0	6		
	7928.1	 0.0	 0.0	6		
	7931.1	 0.0	 0.0	6		
	7934.1	 0.0	 0.0	6		
	7937.1	 0.0	 0.0	6		
	7940.1	 0.0	 0.0	5		
	7943.1	 0.0	 0.0	5		
	7946.1	 0.0	 0.0	5		
	7949.1	 0.0	 0.0	5		
	7952.1	 0.0	 0.0	5		
	7955.1	 0.0	 0.0	5		
	7958.1	 0.0	 0.0	5		
	7961.1	203.0	16.0	5		
	7964.1	300.0	 0.0	5		
	7967.1	300.0	 0.0	5		
	7970.1	300.0	 0.0	5		
	7973.1	300.0	 0.0	5		
	7976.1	300.0	 0.0	5		
	7979.1	300.0	 0.0	5		
	7982.1	 0.0	 0.0	5		
	7985.1	 0.0	 0.0	5		
	7988.1	 0.0	 0.0	5		
	7991.1	 0.0	 0.0	5		
	7994.1	 0.0	 0.0	5		
	7997.1	 0.0	 0.0	5		
	8000.1	 0.0	 0.0	5		
	8003.1	 0.0	 0.0	4		
	8006.1	 0.0	 0.0	4		
	8009.1	 0.0	 0.0	4		
	8012.1	 0.0	 0.0	4		
	8015.1	 0.0	 0.0	4		
	8018.1	 0.0	 0.0	4		
	8021.1	 0.0	 0.0	4		
	8024.1	300.0	 6.0	4		
	8027.1	300.0	 3.0	4		
	8030.1	300.0	 3.0	4		
	8033.1	300.0	 3.0	4		
	8036.1	300.0	 3.0	4		
	8039.1	300.0	 3.0	4		
	8042.1	300.0	 3.0	4		
	8045.1	 0.0	 0.0	4		
	8048.1	 0.0	 0.0	4		
	8051.1	 0.0	 0.0	4		
	8054.1	 0.0	 0.0	4		
	8057.1	 0.0	 0.0	4		
	8060.1	 0.0	 0.0	4		
	8063.1	 0.0	 0.0	3		
	8066.1	 0.0	 0.0	3		
	8069.1	 0.0	 0.0	3		
	8072.1	 0.0	 0.0	3		
	8075.1	 0.0	 0.0	3		
	8078.1	 0.0	 0.0	3		
	8081.1	 0.0	 0.0	3		
	8084.1	138.0	50.0	3		
	8087.1	300.0	 3.0	3		
	8090.1	300.0	 3.0	3		
	8093.1	300.0	 3.0	3		
	8096.1	300.0	 3.0	3		
	8099.1	300.0	 3.0	3		
	8102.1	300.0	 3.0	3		
	8105.1	 0.0	 0.0	3		
	8108.1	 0.0	 0.0	3		
	8111.1	 0.0	 0.0	3		
	8114.1	 0.0	 0.0	3		
	8117.1	 0.0	 0.0	3		
	8120.1	 0.0	 0.0	3		
	8123.1	 0.0	 0.0	3		
	8126.1	 0.0	 0.0	2		
	8129.1	 0.0	 0.0	2		
	8132.1	 0.0	 0.0	2		
	8135.1	 0.0	 0.0	2		
	8138.1	 0.0	 0.0	2		
	8141.1	 0.0	 0.0	2		
	8144.1	 0.0	 0.0	2		
	8147.1	318.0	11.0	2		
	8150.1	300.0	 3.0	2		
	8153.1	300.0	 3.0	2		
	8156.1	300.0	 3.0	2		
	8159.1	300.0	 3.0	2		
	8162.1	300.0	 3.0	2		
	8165.1	300.0	 3.0	2		
	8168.1	 0.0	 0.0	2		
	8171.1	 0.0	 0.0	2		
	8174.1	 0.0	 0.0	2		
	8177.1	 0.0	 0.0	2		
	8180.1	 0.0	 0.0	2		
	8183.1	 0.0	 0.0	2		
	8186.1	 0.0	 0.0	1		
	8189.1	 0.0	 0.0	1		
	8192.1	 0.0	 0.0	1		
	8195.1	 0.0	 0.0	1		
	8198.1	 0.0	 0.0	1		
	8201.1	 0.0	 0.0	1		
	8204.1	 0.0	 0.0	1		
	8207.1	 0.0	 0.0	1		
	8210.1	300.0	 0.0	1		
	8213.1	300.0	 0.0	1		
	8216.1	300.0	 0.0	1		
	8219.1	300.0	 0.0	1		
	8222.1	300.0	 0.0	1		
	8225.1	300.0	 0.0	1		
	8228.1	 0.0	 0.0	1		
	8231.1	 0.0	 0.0	1		
	8234.1	 0.0	 0.0	1		
	8237.1	 0.0	 0.0	1		
	8240.1	 0.0	 0.0	1		
	8243.1	 0.0	 0.0	1		
	8246.1	 0.0	 0.0	1		
	8249.1	 0.0	 0.0	6		
	8252.1	 0.0	 0.0	6		
	8255.1	 0.0	 0.0	6		
	8258.1	 0.0	 0.0	6		
	8261.1	 0.0	 0.0	6		
	8264.1	 0.0	 0.0	6		
	8267.1	 0.0	 0.0	6		
	8270.1	 0.0	 0.0	6		
	8273.1	279.0	36.0	6		
	8276.1	300.0	 3.0	6		
	8279.1	300.0	 3.0	6		
	8282.1	300.0	 3.0	6		
	8285.1	 0.0	 0.0	6		
	8288.1	 0.0	 0.0	6		
	8291.1	 0.0	 0.0	6		
	8294.1	 0.0	 0.0	6		
	8297.1	 0.0	 0.0	6		
	8300.1	 0.0	 0.0	6		
	8303.1	 0.0	 0.0	6		
	8306.1	 0.0	 0.0	6		
	8309.1	 0.0	 0.0	6		
	8312.1	 0.0	 0.0	6		
	8315.1	 0.0	 0.0	6		
	8318.1	 0.0	 0.0	6		
	8321.1	 0.0	 0.0	6		
	8324.1	161.0	50.0	6		
	8327.1	300.0	 3.0	6		
	8330.1	300.0	 3.0	6		
	8333.1	300.0	 3.0	6		
	8336.1	300.0	 3.0	6		
	8339.1	300.0	 3.0	6		
	8342.1	300.0	 3.0	6		
	8345.1	 0.0	 0.0	6		
	8348.1	 0.0	 0.0	6		
	8351.1	 0.0	 0.0	6		
	8354.1	 0.0	 0.0	6		
	8357.1	 0.0	 0.0	6		
	8360.1	 0.0	 0.0	6		
	8363.1	 0.0	 0.0	6		
	8366.1	 0.0	 0.0	7		
	8369.1	 0.0	 0.0	7		
	8372.1	 0.0	 0.0	7		
	8375.1	 0.0	 0.0	7		
	8378.1	 0.0	 0.0	7		
	8381.1	 0.0	 0.0	7		
	8384.1	 0.0	 0.0	7		
	8387.1	310.0	 0.0	7		
	8390.1	300.0	 0.0	7		
	8393.1	300.0	 0.0	7		
	8396.1	300.0	 0.0	7		
	8399.1	300.0	 0.0	7		
	8402.1	300.0	 0.0	7		
	8405.1	300.0	 0.0	7		
	8408.1	 0.0	 0.0	7		
	8411.1	 0.0	 0.0	7		
	8414.1	 0.0	 0.0	7		
	8417.1	 0.0	 0.0	7		
	8420.1	 0.0	 0.0	7		
	8423.1	 0.0	 0.0	7		
	8426.1	 0.0	 0.0	6		
	8429.1	 0.0	 0.0	6		
	8432.1	 0.0	 0.0	6		
	8435.1	 0.0	 0.0	6		
	8438.1	 0.0	 0.0	6		
	8441.1	 0.0	 0.0	6		
	8444.1	 0.0	 0.0	6		
	8447.1	97.0	40.0	6		
	8450.1	300.0	 0.0	6		
	8453.1	300.0	 0.0	6		
	8456.1	300.0	 0.0	6		
	8459.1	300.0	 0.0	6		
	8462.1	300.0	 0.0	6		
	8465.1	300.0	 0.0	6		
	8468.1	 0.0	 0.0	6		
	8471.1	 0.0	 0.0	6		
	8474.1	 0.0	 0.0	6		
	8477.1	 0.0	 0.0	6		
	8480.1	 0.0	 0.0	6		
	8483.1	 0.0	 0.0	6		
	8486.1	 0.0	 0.0	6		
	8489.1	 0.0	 0.0	5		
	8492.1	 0.0	 0.0	5		
	8495.1	 0.0	 0.0	5		
	8498.1	 0.0	 0.0	5		
	8501.1	 0.0	 0.0	5		
	8504.1	 0.0	 0.0	5		
	8507.1	 0.0	 0.0	5		
	8510.1	310.0	21.0	5		
	8513.1	300.0	 3.0	5		
	8516.1	300.0	 3.0	5		
	8519.1	300.0	 3.0	5		
	8522.1	300.0	 3.0	5		
	8525.1	300.0	 3.0	5		
	8528.1	300.0	 3.0	5		
	8531.1	 0.0	 0.0	5		
	8534.1	 0.0	 0.0	5		
	8537.1	 0.0	 0.0	5		
	8540.1	 0.0	 0.0	5		
	8543.1	 0.0	 0.0	5		
	8546.1	 0.0	 0.0	5		
	8549.1	 0.0	 0.0	4		
	8552.1	 0.0	 0.0	4		
	8555.1	 0.0	 0.0	4		
	8558.1	 0.0	 0.0	4		
	8561.1	 0.0	 0.0	4		
	8564.1	 0.0	 0.0	4		
	8567.1	 0.0	 0.0	4		
	8570.1	 0.0	 0.0	4		
	8573.1	300.0	 3.0	4		
	8576.1	300.0	 3.0	4		
	8579.1	300.0	 3.0	4		
	8582.1	300.0	 3.0	4		
	8585.1	300.0	 3.0	4		
	8588.1	300.0	 3.0	4		
	8591.1	 0.0	 0.0	4		
	8594.1	 0.0	 0.0	4		
	8597.1	 0.0	 0.0	4		
	8600.1	 0.0	 0.0	4		
	8603.1	 0.0	 0.0	4		
	8606.1	 0.0	 0.0	4		
	8609.1	 0.0	 0.0	4		
	8612.1	 0.0	 0.0	3		
	8615.1	 0.0	 0.0	3		
	8618.1	 0.0	 0.0	3		
	8621.1	 0.0	 0.0	3		
	8624.1	 0.0	 0.0	3		
	8627.1	 0.0	 0.0	3		
	8630.1	 0.0	 0.0	3		
	8633.1	235.0	16.0	3		
	8636.1	300.0	 0.0	3		
	8639.1	300.0	 0.0	3		
	8642.1	300.0	 0.0	3		
	8645.1	300.0	 0.0	3		
	8648.1	300.0	 0.0	3		
	8651.1	300.0	 0.0	3		
	8654.1	 0.0	 0.0	3		
	8657.1	 0.0	 0.0	3		
	8660.1	 0.0	 0.0	3		
	8663.1	 0.0	 0.0	3		
	8666.1	 0.0	 0.0	3		
	8669.1	 0.0	 0.0	3		
	8672.1	 0.0	 0.0	2		
	8675.1	 0.0	 0.0	2		
	8678.1	 0.0	 0.0	2		
	8681.1	 0.0	 0.0	2		
	8684.1	 0.0	 0.0	2		
	8687.1	 0.0	 0.0	2		
	8690.1	 0.0	 0.0	2		
	8693.1	 0.0	 0.0	2		
	8696.1	300.0	 4.0	2		
	8699.1	300.0	 3.0	2		
	8702.1	300.0	 3.0	2		
	8705.1	300.0	 3.0	2		
	8708.1	300.0	 3.0	2		
	8711.1	300.0	 3.0	2		
	8714.1	 0.0	 0.0	2		
	8717.1	 0.0	 0.0	2		
	8720.1	 0.0	 0.0	2		
	8723.1	 0.0	 0.0	2		
	8726.1	 0.0	 0.0	2		
	8729.1	 0.0	 0.0	2		
	8732.1	 0.0	 0.0	2		
	8735.1	 0.0	 0.0	1		
	8738.1	 0.0	 0.0	1		
	8741.1	 0.0	 0.0	1		
	8744.1	 0.0	 0.0	1		
	8747.1	 0.0	 0.0	1		
	8750.1	 0.0	 0.0	1		
	8753.1	 0.0	 0.0	1		
	8756.1	172.0	50.0	1		
	8759.1	300.0	 3.0	1		
	8762.1	300.0	 3.0	1		
	8765.1	300.0	 3.0	1		
	8768.1	300.0	 3.0	1		
	8771.1	300.0	 3.0	1		
	8774.1	300.0	 3.0	1		
	8777.1	 0.0	 0.0	1		
	8780.1	 0.0	 0.0	1		
	8783.1	 0.0	 0.0	1		
	8786.1	 0.0	 0.0	1		
	8789.1	 0.0	 0.0	1		
	8792.1	 0.0	 0.0	1		
	8795.1	 0.0	 0.0	1		
	8798.1	 0.0	 0.0	5		
	8801.1	 0.0	 0.0	5		
	8804.1	 0.0	 0.0	5		
	8807.1	 0.0	 0.0	5		
	8810.1	 0.0	 0.0	5		
	8813.1	 0.0	 0.0	5		
	8816.1	 0.0	 0.0	5		
	8819.1	 0.0	 0.0	5		
	8822.1	318.0	12.0	5		
	8825.1	300.0	 3.0	5		
	8828.1	300.0	 3.0	5		
	8831.1	 0.0	 0.0	5		
	8834.1	 0.0	 0.0	5		
	8837.1	 0.0	 0.0	5		
	8840.1	 0.0	 0.0	5		
	8843.1	 0.0	 0.0	5		
	8846.1	 0.0	 0.0	5		
	8849.1	 0.0	 0.0	5		
	8852.1	 0.0	 0.0	5		
	8855.1	 0.0	 0.0	5		
	8858.1	 0.0	 0.0	5		
	8861.1	 0.0	 0.0	5		
	8864.1	 0.0	 0.0	5		
	8867.1	 0.0	 0.0	5		
	8870.1	 0.0	 0.0	5		
	8873.1	261.0	49.0	5		
	8876.1	300.0	 3.0	5		
	8879.1	300.0	 3.0	5		
	8882.1	300.0	 3.0	5		
	8885.1	300.0	 3.0	5		
	8888.1	300.0	 3.0	5		
	8891.1	300.0	 3.0	5		
	8894.1	 0.0	 0.0	5		
	8897.1	 0.0	 0.0	5		
	8900.1	 0.0	 0.0	5		
	8903.1	 0.0	 0.0	5		
	8906.1	 0.0	 0.0	5		
	8909.1	 0.0	 0.0	5		
	8912.1	 0.0	 0.0	7		
	8915.1	 0.0	 0.0	7		
	8918.1	 0.0	 0.0	7		
	8921.1	 0.0	 0.0	7		
	8924.1	 0.0	 0.0	7		
	8927.1	 0.0	 0.0	7		
	8930.1	 0.0	 0.0	7		
	8933.1	 0.0	 0.0	7		
	8936.1	300.0	 0.0	7		
	8939.1	300.0	 0.0	7		
	8942.1	300.0	 0.0	7		
	8945.1	300.0	 0.0	7		
	8948.1	300.0	 0.0	7		
	8951.1	300.0	 0.0	7		
	8954.1	 0.0	 0.0	7		
	8957.1	 0.0	 0.0	7		
	8960.1	 0.0	 0.0	7		
	8963.1	 0.0	 0.0	7		
	8966.1	 0.0	 0.0	7		
	8969.1	 0.0	 0.0	7		
	8972.1	 0.0	 0.0	7		
	8975.1	 0.0	 0.0	6		
	8978.1	 0.0	 0.0	6		
	8981.1	 0.0	 0.0	6		
	8984.1	 0.0	 0.0	6		
	8987.1	 0.0	 0.0	6		
	8990.1	 0.0	 0.0	6		
	8993.1	 0.0	 0.0	6		
	8996.1	189.0	50.0	6		
	8999.1	300.0	 3.0	6		
	9002.1	300.0	 3.0	6		
	9005.1	300.0	 3.0	6		
	9008.1	300.0	 3.0	6		
	9011.1	300.0	 3.0	6		
	9014.1	300.0	 3.0	6		
	9017.1	 0.0	 0.0	6		
	9020.1	 0.0	 0.0	6		
	9023.1	 0.0	 0.0	6		
	9026.1	 0.0	 0.0	6		
	9029.1	 0.0	 0.0	6		
	9032.1	 0.0	 0.0	6		
	9035.1	 0.0	 0.0	6		
	9038.1	 0.0	 0.0	5		
	9041.1	 0.0	 0.0	5		
	9044.1	 0.0	 0.0	5		
	9047.1	 0.0	 0.0	5		
	9050.1	 0.0	 0.0	5		
	9053.1	 0.0	 0.0	5		
	9056.1	 0.0	 0.0	5		
	9059.1	300.0	 6.0	5		
	9062.1	300.0	 3.0	5		
	9065.1	300.0	 3.0	5		
	9068.1	300.0	 3.0	5		
	9071.1	300.0	 3.0	5		
	9074.1	300.0	 3.0	5		
	9077.1	300.0	 3.0	5		
	9080.1	 0.0	 0.0	5		
	9083.1	 0.0	 0.0	5		
	9086.1	 0.0	 0.0	5		
	9089.1	 0.0	 0.0	5		
	9092.1	 0.0	 0.0	5		
	9095.1	 0.0	 0.0	5		
	9098.1	 0.0	 0.0	4		
	9101.1	 0.0	 0.0	4		
	9104.1	 0.0	 0.0	4		
	9107.1	 0.0	 0.0	4		
	9110.1	 0.0	 0.0	4		
	9113.1	 0.0	 0.0	4		
	9116.1	 0.0	 0.0	4		
	9119.1	118.0	16.0	4		
	9122.1	300.0	 0.0	4		
	9125.1	300.0	 0.0	4		
	9128.1	300.0	 0.0	4		
	9131.1	300.0	 0.0	4		
	9134.1	300.0	 0.0	4		
	9137.1	300.0	 0.0	4		
	9140.1	 0.0	 0.0	4		
	9143.1	 0.0	 0.0	4		
	9146.1	 0.0	 0.0	4		
	9149.1	 0.0	 0.0	4		
	9152.1	 0.0	 0.0	4		
	9155.1	 0.0	 0.0	4		
	9158.1	 0.0	 0.0	4		
	9161.1	 0.0	 0.0	3		
	9164.1	 0.0	 0.0	3		
	9167.1	 0.0	 0.0	3		
	9170.1	 0.0	 0.0	3		
	9173.1	 0.0	 0.0	3		
	9176.1	 0.0	 0.0	3		
	9179.1	 0.0	 0.0	3		
	9182.1	300.0	 0.0	3		
	9185.1	300.0	 0.0	3		
	9188.1	300.0	 0.0	3		
	9191.1	300.0	 0.0	3		
	9194.1	300.0	 0.0	3		
	9197.1	300.0	 0.0	3		
	9200.1	300.0	 0.0	3		
	9203.1	 0.0	 0.0	3		
	9206.1	 0.0	 0.0	3		
	9209.1	 0.0	 0.0	3		
	9212.1	 0.0	 0.0	3		
	9215.1	 0.0	 0.0	3		
	9218.1	 0.0	 0.0	3		
	9221.1	 0.0	 0.0	2		
	9224.1	 0.0	 0.0	2		
	9227.1	 0.0	 0.0	2		
	9230.1	 0.0	 0.0	2		
	9233.1	 0.0	 0.0	2		
	9236.1	 0.0	 0.0	2		
	9239.1	 0.0	 0.0	2		
	9242.1	 0.0	 0.0	2		
	9245.1	300.0	 3.0	2		
	9248.1	300.0	 3.0	2		
	9251.1	300.0	 3.0	2		
	9254.1	300.0	 3.0	2		
	9257.1	300.0	 3.0	2		
	9260.1	300.0	 3.0	2		
	9263.1	 0.0	 0.0	2		
	9266.1	 0.0	 0.0	2		
	9269.1	 0.0	 0.0	2		
	9272.1	 0.0	 0.0	2		
	9275.1	 0.0	 0.0	2		
	9278.1	 0.0	 0.0	2		
	9281.1	 0.0	 0.0	2		
	9284.1	 0.0	 0.0	1		
	9287.1	 0.0	 0.0	1		
	9290.1	 0.0	 0.0	1		
	9293.1	 0.0	 0.0	1		
	9296.1	 0.0	 0.0	1		
	9299.1	 0.0	 0.0	1		
	9302.1	 0.0	 0.0	1		
	9305.1	278.0	37.0	1		
	9308.1	300.0	 3.0	1		
	9311.1	300.0	 3.0	1		
	9314.1	300.0	 3.0	1		
	9317.1	300.0	 3.0	1		
	9320.1	300.0	 3.0	1		
	9323.1	300.0	 3.0	1		
	9326.1	 0.0	 0.0	1		
	9329.1	 0.0	 0.0	1		
	9332.1	 0.0	 0.0	1		
	9335.1	 0.0	 0.0	1		
	9338.1	 0.0	 0.0	1		
	9341.1	 0.0	 0.0	1		
	9344.1	 0.0	 0.0	4		
	9347.1	 0.0	 0.0	4		
	9350.1	 0.0	 0.0	4		
	9353.1	 0.0	 0.0	4		
	9356.1	 0.0	 0.0	4		
	9359.1	 0.0	 0.0	4		
	9362.1	 0.0	 0.0	4		
	9365.1	 0.0	 0.0	4		
	9368.1	 0.0	 0.0	4		
	9371.1	300.0	 4.0	4		
	9374.1	300.0	 3.0	4		
	9377.1	300.0	 3.0	4		
	9380.1	 0.0	 0.0	4		
	9383.1	 0.0	 0.0	4		
	9386.1	 0.0	 0.0	4		
	9389.1	 0.0	 0.0	4		
	9392.1	 0.0	 0.0	4		
	9395.1	 0.0	 0.0	4		
	9398.1	 0.0	 0.0	4		
	9401.1	 0.0	 0.0	4		
	9404.1	 0.0	 0.0	4		
	9407.1	 0.0	 0.0	4		
	9410.1	 0.0	 0.0	4		
	9413.1	 0.0	 0.0	4		
	9416.1	 0.0	 0.0	4		
	9419.1	 0.0	 0.0	4		
	9422.1	321.0	16.0	4		
	9425.1	300.0	 3.0	4		
	9428.1	300.0	 3.0	4		
	9431.1	300.0	 3.0	4		
	9434.1	300.0	 3.0	4		
	9437.1	300.0	 3.0	4		
	9440.1	300.0	 3.0	4		
	9443.1	 0.0	 0.0	4		
	9446.1	 0.0	 0.0	4		
	9449.1	 0.0	 0.0	4		
	9452.1	 0.0	 0.0	4		
	9455.1	 0.0	 0.0	4		
	9458.1	 0.0	 0.0	4		
	9461.1	 0.0	 0.0	7		
	9464.1	 0.0	 0.0	7		
	9467.1	 0.0	 0.0	7		
	9470.1	 0.0	 0.0	7		
	9473.1	 0.0	 0.0	7		
	9476.1	 0.0	 0.0	7		
	9479.1	 0.0	 0.0	7		
	9482.1	 0.0	 0.0	7		
	9485.1	300.0	 3.0	7		
	9488.1	300.0	 3.0	7		
	9491.1	300.0	 3.0	7		
	9494.1	300.0	 3.0	7		
	9497.1	300.0	 3.0	7		
	9500.1	300.0	 3.0	7		
	9503.1	 0.0	 0.0	7		
	9506.1	 0.0	 0.0	7		
	9509.1	 0.0	 0.0	7		
	9512.1	 0.0	 0.0	7		
	9515.1	 0.0	 0.0	7		
	9518.1	 0.0	 0.0	7		
	9521.1	 0.0	 0.0	7		
	9524.1	 0.0	 0.0	6		
	9527.1	 0.0	 0.0	6		
	9530.1	 0.0	 0.0	6		
	9533.1	 0.0	 0.0	6		
	9536.1	 0.0	 0.0	6		
	9539.1	 0.0	 0.0	6		
	9542.1	 0.0	 0.0	6		
	9545.1	276.0	39.0	6		
	9548.1	300.0	 3.0	6		
	9551.1	300.0	 3.0	6		
	9554.1	300.0	 3.0	6		
	9557.1	300.0	 3.0	6		
	9560.1	300.0	 3.0	6		
	9563.1	300.0	 3.0	6		
	9566.1	 0.0	 0.0	6		
	9569.1	 0.0	 0.0	6		
	9572.1	 0.0	 0.0	6		
	9575.1	 0.0	 0.0	6		
	9578.1	 0.0	 0.0	6		
	9581.1	 0.0	 0.0	6		
	9584.1	 0.0	 0.0	5		
	9587.1	 0.0	 0.0	5		
	9590.1	 0.0	 0.0	5		
	9593.1	 0.0	 0.0	5		
	9596.1	 0.0	 0.0	5		
	9599.1	 0.0	 0.0	5		
	9602.1	 0.0	 0.0	5		
	9605.1	 0.0	 0.0	5		
	9608.1	300.0	 4.0	5		
	9611.1	300.0	 3.0	5		
	9614.1	300.0	 3.0	5		
	9617.1	300.0	 3.0	5		
	9620.1	300.0	 3.0	5		
	9623.1	300.0	 3.0	5		
	9626.1	 0.0	 0.0	5		
	9629.1	 0.0	 0.0	5		
	9632.1	 0.0	 0.0	5		
	9635.1	 0.0	 0.0	5		
	9638.1	 0.0	 0.0	5		
	9641.1	 0.0	 0.0	5		
	9644.1	 0.0	 0.0	5		
	9647.1	 0.0	 0.0	4		
	9650.1	 0.0	 0.0	4		
	9653.1	 0.0	 0.0	4		
	9656.1	 0.0	 0.0	4		
	9659.1	 0.0	 0.0	4		
	9662.1	 0.0	 0.0	4		
	9665.1	 0.0	 0.0	4		
	9668.1	227.0	50.0	4		
	9671.1	300.0	 3.0	4		
	9674.1	300.0	 3.0	4		
	9677.1	300.0	 3.0	4		
	9680.1	300.0	 3.0	4		
	9683.1	300.0	 3.0	4		
	9686.1	300.0	 3.0	4		
	9689.1	 0.0	 0.0	4		
	9692.1	 0.0	 0.0	4		
	9695.1	 0.0	 0.0	4		
	9698.1	 0.0	 0.0	4		
	9701.1	 0.0	 0.0	4		
	9704.1	 0.0	 0.0	4		
	9707.1	 0.0	 0.0	4		
	9710.1	 0.0	 0.0	3		
	9713.1	 0.0	 0.0	3		
	9716.1	 0.0	 0.0	3		
	9719.1	 0.0	 0.0	3		
	9722.1	 0.0	 0.0	3		
	9725.1	 0.0	 0.0	3		
	9728.1	 0.0	 0.0	3		
	9731.1	300.0	 0.0	3		
	9734.1	300.0	 0.0	3		
	9737.1	300.0	 0.0	3		
	9740.1	300.0	 0.0	3		
	9743.1	300.0	 0.0	3		
	9746.1	300.0	 0.0	3		
	9749.1	300.0	 0.0	3		
	9752.1	 0.0	 0.0	3		
	9755.1	 0.0	 0.0	3		
	9758.1	 0.0	 0.0	3		
	9761.1	 0.0	 0.0	3		
	9764.1	 0.0	 0.0	3		
	9767.1	 0.0	 0.0	3		
	9770.1	 0.0	 0.0	2		
	9773.1	 0.0	 0.0	2		
	9776.1	 0.0	 0.0	2		
	9779.1	 0.0	 0.0	2		
	9782.1	 0.0	 0.0	2		
	9785.1	 0.0	 0.0	2		
	9788.1	 0.0	 0.0	2		
	9791.1	136.0	50.0	2		
	9794.1	300.0	 3.0	2		
	9797.1	300.0	 3.0	2		
	9800.1	300.0	 3.0	2		
	9803.1	300.0	 3.0	2		
	9806.1	300.0	 3.0	2		
	9809.1	300.0	 3.0	2		
	9812.1	 0.0	 0.0	2		
	9815.1	 0.0	 0.0	2		
	9818.1	 0.0	 0.0	2		
	9821.1	 0.0	 0.0	2		
	9824.1	 0.0	 0.0	2		
	9827.1	 0.0	 0.0	2		
	9830.1	 0.0	 0.0	2		
	9833.1	 0.0	 0.0	1		
	9836.1	 0.0	 0.0	1		
	9839.1	 0.0	 0.0	1		
	9842.1	 0.0	 0.0	1		
	9845.1	 0.0	 0.0	1		
	9848.1	 0.0	 0.0	1		
	9851.1	 0.0	 0.0	1		
	9854.1	315.0	10.0	1		
	9857.1	300.0	 3.0	1		
	9860.1	300.0	 3.0	1		
	9863.1	300.0	 3.0	1		
	9866.1	300.0	 3.0	1		
	9869.1	300.0	 3.0	1		
	9872.1	300.0	 3.0	1		
	9875.1	 0.0	 0.0	1		
	9878.1	 0.0	 0.0	1		
	9881.1	 0.0	 0.0	1		
	9884.1	 0.0	 0.0	1		
	9887.1	 0.0	 0.0	1		
	9890.1	 0.0	 0.0	1		
	9893.1	 0.0	 0.0	3		
	9896.1	 0.0	 0.0	3		
	9899.1	 0.0	 0.0	3		
	9902.1	 0.0	 0.0	3		
	9905.1	 0.0	 0.0	3		
	9908.1	 0.0	 0.0	3		
	9911.1	 0.0	 0.0	3		
	9914.1	 0.0	 0.0	3		
	9917.1	 0.0	 0.0	3		
	9920.1	300.0	 0.0	3		
	9923.1	300.0	 0.0	3		
	9926.1	300.0	 0.0	3		
	9929.1	 0.0	 0.0	3		
	9932.1	 0.0	 0.0	3		
	9935.1	 0.0	 0.0	3		
	9938.1	 0.0	 0.0	3		
	9941.1	 0.0	 0.0	3		
	9944.1	 0.0	 0.0	3		
	9947.1	 0.0	 0.0	3		
	9950.1	 0.0	 0.0	3		
	9953.1	 0.0	 0.0	3		
	9956.1	 0.0	 0.0	3		
	9959.1	 0.0	 0.0	3		
	9962.1	 0.0	 0.0	3		
	9965.1	 0.0	 0.0	3		
	9968.1	 0.0	 0.0	3		
	9971.1	300.0	 6.0	3		
	9974.1	300.0	 3.0	3		
	9977.1	300.0	 3.0	3		
	9980.1	300.0	 3.0	3		
	9983.1	300.0	 3.0	3		
	9986.1	300.0	 3.0	3		
	9989.1	 0.0	 0.0	3		
	9992.1	 0.0	 0.0	3		
	9995.1	 0.0	 0.0	3		
	9998.1	 0.0	 0.0	3		
	10001.1	 0.0	 0.0	3		
	10004.1	 0.0	 0.0	3		
	10007.1	 0.0	 0.0	3		
	10010.1	 0.0	 0.0	7		
	10013.1	 0.0	 0.0	7		
	10016.1	 0.0	 0.0	7		
	10019.1	 0.0	 0.0	7		
	10022.1	 0.0	 0.0	7		
	10025.1	 0.0	 0.0	7		
	10028.1	 0.0	 0.0	7		
	10031.1	146.0	50.0	7		
	10034.1	300.0	 2.0	7		
	10037.1	300.0	 2.0	7		
	10040.1	300.0	 2.0	7		
	10043.1	300.0	 2.0	7		
	10046.1	300.0	 2.0	7		
	10049.1	300.0	 2.0	7		
	10052.1	 0.0	 0.0	7		
	10055.1	 0.0	 0.0	7		
	10058.1	 0.0	 0.0	7		
	10061.1	 0.0	 0.0	7		
	10064.1	 0.0	 0.0	7		
	10067.1	 0.0	 0.0	7		
	10070.1	 0.0	 0.0	7		
	10073.1	 0.0	 0.0	6		
	10076.1	 0.0	 0.0	6		
	10079.1	 0.0	 0.0	6		
	10082.1	 0.0	 0.0	6		
	10085.1	 0.0	 0.0	6		
	10088.1	 0.0	 0.0	6		
	10091.1	 0.0	 0.0	6		
	10094.1	315.0	 0.0	6		
	10097.1	300.0	 0.0	6		
	10100.1	300.0	 0.0	6		
	10103.1	300.0	 0.0	6		
	10106.1	300.0	 0.0	6		
	10109.1	300.0	 0.0	6		
	10112.1	300.0	 0.0	6		
	10115.1	 0.0	 0.0	6		
	10118.1	 0.0	 0.0	6		
	10121.1	 0.0	 0.0	6		
	10124.1	 0.0	 0.0	6		
	10127.1	 0.0	 0.0	6		
	10130.1	 0.0	 0.0	6		
	10133.1	 0.0	 0.0	5		
	10136.1	 0.0	 0.0	5		
	10139.1	 0.0	 0.0	5		
	10142.1	 0.0	 0.0	5		
	10145.1	 0.0	 0.0	5		
	10148.1	 0.0	 0.0	5		
	10151.1	 0.0	 0.0	5		
	10154.1	 0.0	 0.0	5		
	10157.1	300.0	 0.0	5		
	10160.1	300.0	 0.0	5		
	10163.1	300.0	 0.0	5		
	10166.1	300.0	 0.0	5		
	10169.1	300.0	 0.0	5		
	10172.1	300.0	 0.0	5		
	10175.1	 0.0	 0.0	5		
	10178.1	 0.0	 0.0	5		
	10181.1	 0.0	 0.0	5		
	10184.1	 0.0	 0.0	5		
	10187.1	 0.0	 0.0	5		
	10190.1	 0.0	 0.0	5		
	10193.1	 0.0	 0.0	5		
	10196.1	 0.0	 0.0	4		
	10199.1	 0.0	 0.0	4		
	10202.1	 0.0	 0.0	4		
	10205.1	 0.0	 0.0	4		
	10208.1	 0.0	 0.0	4		
	10211.1	 0.0	 0.0	4		
	10214.1	 0.0	 0.0	4		
	10217.1	289.0	31.0	4		
	10220.1	300.0	 3.0	4		
	10223.1	300.0	 3.0	4		
	10226.1	300.0	 3.0	4		
	10229.1	300.0	 3.0	4		
	10232.1	300.0	 3.0	4		
	10235.1	300.0	 3.0	4		
	10238.1	 0.0	 0.0	4		
	10241.1	 0.0	 0.0	4		
	10244.1	 0.0	 0.0	4		
	10247.1	 0.0	 0.0	4		
	10250.1	 0.0	 0.0	4		
	10253.1	 0.0	 0.0	4		
	10256.1	 0.0	 0.0	3		
	10259.1	 0.0	 0.0	3		
	10262.1	 0.0	 0.0	3		
	10265.1	 0.0	 0.0	3		
	10268.1	 0.0	 0.0	3		
	10271.1	 0.0	 0.0	3		
	10274.1	 0.0	 0.0	3		
	10277.1	 0.0	 0.0	3		
	10280.1	300.0	 3.0	3		
	10283.1	300.0	 3.0	3		
	10286.1	300.0	 3.0	3		
	10289.1	300.0	 3.0	3		
	10292.1	300.0	 3.0	3		
	10295.1	300.0	 3.0	3		
	10298.1	 0.0	 0.0	3		
	10301.1	 0.0	 0.0	3		
	10304.1	 0.0	 0.0	3		
	10307.1	 0.0	 0.0	3		
	10310.1	 0.0	 0.0	3		
	10313.1	 0.0	 0.0	3		
	10316.1	 0.0	 0.0	3		
	10319.1	 0.0	 0.0	2		
	10322.1	 0.0	 0.0	2		
	10325.1	 0.0	 0.0	2		
	10328.1	 0.0	 0.0	2		
	10331.1	 0.0	 0.0	2		
	10334.1	 0.0	 0.0	2		
	10337.1	 0.0	 0.0	2		
	10340.1	209.0	50.0	2		
	10343.1	300.0	 3.0	2		
	10346.1	300.0	 3.0	2		
	10349.1	300.0	 3.0	2		
	10352.1	300.0	 3.0	2		
	10355.1	300.0	 3.0	2		
	10358.1	300.0	 3.0	2		
	10361.1	 0.0	 0.0	2		
	10364.1	 0.0	 0.0	2		
	10367.1	 0.0	 0.0	2		
	10370.1	 0.0	 0.0	2		
	10373.1	 0.0	 0.0	2		
	10376.1	 0.0	 0.0	2		
	10379.1	 0.0	 0.0	2		goto;1348
	10382.1	 0.0	 0.0	1		
	10385.1	 0.0	 0.0	1		
	10388.1	 0.0	 0.0	1		
	10391.1	 0.0	 0.0	1		
	10394.1	 0.0	 0.0	1		
	10397.1	 0.0	 0.0	1		
	10400.1	 0.0	 0.0	1		
	10403.1	300.0	 5.0	1		
	10406.1	300.0	 3.0	1		
	10409.1	300.0	 3.0	1		
	10412.1	300.0	 3.0	1		
	10415.1	300.0	 3.0	1		
	10418.1	300.0	 3.0	1		
	10421.1	300.0	 3.0	1		
	10424.1	 0.0	 0.0	1		
	10427.1	 0.0	 0.0	1		
	10430.1	 0.0	 0.0	1		
	10433.1	 0.0	 0.0	1		
	10436.1	 0.0	 0.0	1		
	10439.1	 0.0	 0.0	1		
	10442.1	 0.0	 0.0	2		
	10445.1	 0.0	 0.0	2		
	10448.1	 0.0	 0.0	2		
	10451.1	 0.0	 0.0	2		
	10454.1	 0.0	 0.0	2		
	10457.1	 0.0	 0.0	2		
	10460.1	 0.0	 0.0	2		
	10463.1	 0.0	 0.0	2		
	10466.1	125.0	16.0	2		
	10469.1	300.0	 0.0	2		
	10472.1	300.0	 0.0	2		
	10475.1	300.0	 0.0	2		
	10478.1	 0.0	 0.0	2		
	10481.1	 0.0	 0.0	2		
	10484.1	 0.0	 0.0	2		
	10487.1	 0.0	 0.0	2		
	10490.1	 0.0	 0.0	2		
	10493.1	 0.0	 0.0	2		
	10496.1	 0.0	 0.0	2		
	10499.1	 0.0	 0.0	2		
	10502.1	 0.0	 0.0	2		
	10505.1	 0.0	 0.0	2		
	10508.1	 0.0	 0.0	2		
	10511.1	 0.0	 0.0	2		
	10514.1	 0.0	 0.0	2		
	10517.1	 0.0	 0.0	2		
	10520.1	300.0	 3.0	2		
	10523.1	300.0	 3.0	2		
	10526.1	300.0	 3.0	2		
	10529.1	300.0	 3.0	2		
	10532.1	300.0	 3.0	2		
	10535.1	300.0	 3.0	2		
	10538.1	 0.0	 0.0	2		
	10541.1	 0.0	 0.0	2		
	10544.1	 0.0	 0.0	2		
	10547.1	 0.0	 0.0	2		
	10550.1	 0.0	 0.0	2		
	10553.1	 0.0	 0.0	2		
	10556.1	 0.0	 0.0	2		
	10559.1	 0.0	 0.0	7		
	10562.1	 0.0	 0.0	7		
	10565.1	 0.0	 0.0	7		
	10568.1	 0.0	 0.0	7		
	10571.1	 0.0	 0.0	7		
	10574.1	 0.0	 0.0	7		
	10577.1	 0.0	 0.0	7		
	10580.1	228.0	50.0	7		
	10583.1	300.0	 3.0	7		
	10586.1	300.0	 3.0	7		
	10589.1	300.0	 3.0	7		
	10592.1	300.0	 3.0	7		
	10595.1	300.0	 3.0	7		
	10598.1	300.0	 3.0	7		
	10601.1	 0.0	 0.0	7		
	10604.1	 0.0	 0.0	7		
	10607.1	 0.0	 0.0	7		
	10610.1	 0.0	 0.0	7		
	10613.1	 0.0	 0.0	7		
	10616.1	 0.0	 0.0	7		
	10619.1	 0.0	 0.0	7		goto;1348
	10622.1	 0.0	 0.0	6		
	10625.1	 0.0	 0.0	6		
	10628.1	 0.0	 0.0	6		
	10631.1	 0.0	 0.0	6		
	10634.1	 0.0	 0.0	6		
	10637.1	 0.0	 0.0	6		
	10640.1	 0.0	 0.0	6		
	10643.1	300.0	 6.0	6		
	10646.1	300.0	 3.0	6		
	10649.1	300.0	 3.0	6		
	10652.1	300.0	 3.0	6		
	10655.1	300.0	 3.0	6		
	10658.1	300.0	 3.0	6		
	10661.1	300.0	 3.0	6		
	10664.1	 0.0	 0.0	6		
	10667.1	 0.0	 0.0	6		
	10670.1	 0.0	 0.0	6		
	10673.1	 0.0	 0.0	6		
	10676.1	 0.0	 0.0	6		
	10679.1	 0.0	 0.0	6		
	10682.1	 0.0	 0.0	5		
	10685.1	 0.0	 0.0	5		
	10688.1	 0.0	 0.0	5		
	10691.1	 0.0	 0.0	5		
	10694.1	 0.0	 0.0	5		
	10697.1	 0.0	 0.0	5		
	10700.1	 0.0	 0.0	5		
	10703.1	162.0	16.0	5		
	10706.1	300.0	 0.0	5		
	10709.1	300.0	 0.0	5		
	10712.1	300.0	 0.0	5		
	10715.1	300.0	 0.0	5		
	10718.1	300.0	 0.0	5		
	10721.1	300.0	 0.0	5		
	10724.1	 0.0	 0.0	5		
	10727.1	 0.0	 0.0	5		
	10730.1	 0.0	 0.0	5		
	10733.1	 0.0	 0.0	5		
	10736.1	 0.0	 0.0	5		
	10739.1	 0.0	 0.0	5		
	10742.1	 0.0	 0.0	5		
	10745.1	 0.0	 0.0	4		
	10748.1	 0.0	 0.0	4		
	10751.1	 0.0	 0.0	4		
	10754.1	 0.0	 0.0	4		
	10757.1	 0.0	 0.0	4		
	10760.1	 0.0	 0.0	4		
	10763.1	 0.0	 0.0	4		
	10766.1	315.0	 9.0	4		
	10769.1	300.0	 3.0	4		
	10772.1	300.0	 3.0	4		
	10775.1	300.0	 3.0	4		
	10778.1	300.0	 3.0	4		
	10781.1	300.0	 3.0	4		
	10784.1	300.0	 3.0	4		
	10787.1	 0.0	 0.0	4		
	10790.1	 0.0	 0.0	4		
	10793.1	 0.0	 0.0	4		
	10796.1	 0.0	 0.0	4		
	10799.1	 0.0	 0.0	4		
	10802.1	 0.0	 0.0	4		
	10805.1	 0.0	 0.0	3		
	10808.1	 0.0	 0.0	3		
	10811.1	 0.0	 0.0	3		
	10814.1	 0.0	 0.0	3		
	10817.1	 0.0	 0.0	3		
	10820.1	 0.0	 0.0	3		
	10823.1	 0.0	 0.0	3		
	10826.1	 0.0	 0.0	3		
	10829.1	300.0	 0.0	3		
	10832.1	300.0	 0.0	3		
	10835.1	300.0	 0.0	3		
	10838.1	300.0	 0.0	3		
	10841.1	300.0	 0.0	3		
	10844.1	300.0	 0.0	3		
	10847.1	 0.0	 0.0	3		
	10850.1	 0.0	 0.0	3		
	10853.1	 0.0	 0.0	3		
	10856.1	 0.0	 0.0	3		
	10859.1	 0.0	 0.0	3		
	10862.1	 0.0	 0.0	3		
	10865.1	 0.0	 0.0	3		
	10868.1	 0.0	 0.0	2		
	10871.1	 0.0	 0.0	2		
	10874.1	 0.0	 0.0	2		
	10877.1	 0.0	 0.0	2		
	10880.1	 0.0	 0.0	2		
	10883.1	 0.0	 0.0	2		
	10886.1	 0.0	 0.0	2		
	10889.1	311.0	 3.0	2		
	10892.1	300.0	 0.0	2		
	10895.1	300.0	 0.0	2		
	10898.1	300.0	 0.0	2		
	10901.1	300.0	 0.0	2		
	10904.1	300.0	 0.0	2		
	10907.1	300.0	 0.0	2		
	10910.1	 0.0	 0.0	2		
	10913.1	 0.0	 0.0	2		
	10916.1	 0.0	 0.0	2		
	10919.1	 0.0	 0.0	2		
	10922.1	 0.0	 0.0	2		
	10925.1	 0.0	 0.0	2		
	10928.1	 0.0	 0.0	1		
	10931.1	 0.0	 0.0	1		
	10934.1	 0.0	 0.0	1		
	10937.1	 0.0	 0.0	1		
	10940.1	 0.0	 0.0	1		
	10943.1	 0.0	 0.0	1		
	10946.1	 0.0	 0.0	1		
	10949.1	 0.0	 0.0	1		
	10952.1	300.0	 0.0	1		
	10955.1	300.0	 0.0	1		
	10958.1	300.0	 0.0	1		
	10961.1	300.0	 0.0	1		
	10964.1	300.0	 0.0	1		
	10967.1	300.0	 0.0	1		
	10970.1	 0.0	 0.0	1		
	10973.1	 0.0	 0.0	1		
	10976.1	 0.0	 0.0	1		
	10979.1	 0.0	 0.0	1		
	10982.1	 0.0	 0.0	1		
	10985.1	 0.0	 0.0	1		
	10988.1	 0.0	 0.0	1		
	10991.1	 0.0	 0.0	1		
	10994.1	 0.0	 0.0	1		
	10997.1	 0.0	 0.0	1		
	11000.1	 0.0	 0.0	1		
	11003.1	 0.0	 0.0	1		
	11006.1	 0.0	 0.0	1		
	11009.1	 0.0	 0.0	1		
	11012.1	 0.0	 0.0	1		
	11015.1	185.0	10.0	1		
	11018.1	300.0	 0.0	1		
	11021.1	300.0	 0.0	1		
	11024.1	300.0	 0.0	1		
	11027.1	 0.0	 0.0	1		
	11030.1	 0.0	 0.0	1		
	11033.1	 0.0	 0.0	1		
	11036.1	 0.0	 0.0	1		
	11039.1	 0.0	 0.0	1		
	11042.1	 0.0	 0.0	1		
	11045.1	 0.0	 0.0	1		
	11048.1	 0.0	 0.0	1		
	11051.1	 0.0	 0.0	1		
	11054.1	 0.0	 0.0	1		
	11057.1	 0.0	 0.0	1		
	11060.1	 0.0	 0.0	1		
	11063.1	 0.0	 0.0	1		
	11066.1	 0.0	 0.0	1		
	11069.1	300.0	 3.0	1		
	11072.1	300.0	 3.0	1		
	11075.1	300.0	 3.0	1		
	11078.1	300.0	 3.0	1		
	11081.1	300.0	 3.0	1		
	11084.1	300.0	 3.0	1		
	11087.1	 0.0	 0.0	1		
	11090.1	 0.0	 0.0	1		
	11093.1	 0.0	 0.0	1		
	11096.1	 0.0	 0.0	1		
	11099.1	 0.0	 0.0	1		
	11102.1	 0.0	 0.0	1		
	11105.1	 0.0	 0.0	1		
	11108.1	 0.0	 0.0	7		
	11111.1	 0.0	 0.0	7		
	11114.1	 0.0	 0.0	7		
	11117.1	 0.0	 0.0	7		
	11120.1	 0.0	 0.0	7		
	11123.1	 0.0	 0.0	7		
	11126.1	 0.0	 0.0	7		
	11129.1	300.0	27.0	7		
	11132.1	300.0	 3.0	7		
	11135.1	300.0	 3.0	7		
	11138.1	300.0	 3.0	7		
	11141.1	300.0	 3.0	7		
	11144.1	300.0	 2.0	7		
	11147.1	300.0	 3.0	7		
	11150.1	 0.0	 0.0	7		
	11153.1	 0.0	 0.0	7		
	11156.1	 0.0	 0.0	7		
	11159.1	 0.0	 0.0	7		
	11162.1	 0.0	 0.0	7		
	11165.1	 0.0	 0.0	7		
	11168.1	 0.0	 0.0	6		
	11171.1	 0.0	 0.0	6		
	11174.1	 0.0	 0.0	6		
	11177.1	 0.0	 0.0	6		
	11180.1	 0.0	 0.0	6		
	11183.1	 0.0	 0.0	6		
	11186.1	 0.0	 0.0	6		
	11189.1	 0.0	 0.0	6		
	11192.1	300.0	 3.0	6		
	11195.1	300.0	 3.0	6		
	11198.1	300.0	 3.0	6		
	11201.1	300.0	 3.0	6		
	11204.1	300.0	 3.0	6		
	11207.1	300.0	 3.0	6		
	11210.1	 0.0	 0.0	6		
	11213.1	 0.0	 0.0	6		
	11216.1	 0.0	 0.0	6		
	11219.1	 0.0	 0.0	6		
	11222.1	 0.0	 0.0	6		
	11225.1	 0.0	 0.0	6		
	11228.1	 0.0	 0.0	6		
	11231.1	 0.0	 0.0	5		
	11234.1	 0.0	 0.0	5		
	11237.1	 0.0	 0.0	5		
	11240.1	 0.0	 0.0	5		
	11243.1	 0.0	 0.0	5		
	11246.1	 0.0	 0.0	5		
	11249.1	 0.0	 0.0	5		
	11252.1	300.0	25.0	5		
	11255.1	300.0	 0.0	5		
	11258.1	300.0	 0.0	5		
	11261.1	300.0	 0.0	5		
	11264.1	300.0	 0.0	5		
	11267.1	300.0	 0.0	5		
	11270.1	300.0	 0.0	5		
	11273.1	 0.0	 0.0	5		
	11276.1	 0.0	 0.0	5		
	11279.1	 0.0	 0.0	5		
	11282.1	 0.0	 0.0	5		
	11285.1	 0.0	 0.0	5		
	11288.1	 0.0	 0.0	5		
	11291.1	 0.0	 0.0	5		goto;1348
	11294.1	 0.0	 0.0	4		
	11297.1	 0.0	 0.0	4		
	11300.1	 0.0	 0.0	4		
	11303.1	 0.0	 0.0	4		
	11306.1	 0.0	 0.0	4		
	11309.1	 0.0	 0.0	4		
	11312.1	 0.0	 0.0	4		
	11315.1	300.0	 0.0	4		
	11318.1	300.0	 0.0	4		
	11321.1	300.0	 0.0	4		
	11324.1	300.0	 0.0	4		
	11327.1	300.0	 0.0	4		
	11330.1	300.0	 0.0	4		
	11333.1	 0.0	 0.0	4		
	11336.1	 0.0	 0.0	4		
	11339.1	 0.0	 0.0	4		
	11342.1	 0.0	 0.0	4		
	11345.1	 0.0	 0.0	4		
	11348.1	 0.0	 0.0	4		
	11351.1	 0.0	 0.0	4		
	11354.1	 0.0	 0.0	3		
	11357.1	 0.0	 0.0	3		
	11360.1	 0.0	 0.0	3		
	11363.1	 0.0	 0.0	3		
	11366.1	 0.0	 0.0	3		
	11369.1	 0.0	 0.0	3		
	11372.1	 0.0	 0.0	3		
	11375.1	199.0	50.0	3		
	11378.1	300.0	 3.0	3		
	11381.1	300.0	 3.0	3		
	11384.1	300.0	 3.0	3		
	11387.1	300.0	 3.0	3		
	11390.1	300.0	 3.0	3		
	11393.1	300.0	 3.0	3		
	11396.1	 0.0	 0.0	3		
	11399.1	 0.0	 0.0	3		
	11402.1	 0.0	 0.0	3		
	11405.1	 0.0	 0.0	3		
	11408.1	 0.0	 0.0	3		
	11411.1	 0.0	 0.0	3		
	11414.1	 0.0	 0.0	3		
	11417.1	 0.0	 0.0	2		
	11420.1	 0.0	 0.0	2		
	11423.1	 0.0	 0.0	2		
	11426.1	 0.0	 0.0	2		
	11429.1	 0.0	 0.0	2		
	11432.1	 0.0	 0.0	2		
	11435.1	 0.0	 0.0	2		
	11438.1	311.0	 7.0	2		
	11441.1	300.0	 2.0	2		
	11444.1	300.0	 2.0	2		
	11447.1	300.0	 3.0	2		
	11450.1	300.0	 3.0	2		
	11453.1	300.0	 3.0	2		
	11456.1	300.0	 3.0	2		
	11459.1	 0.0	 0.0	2		
	11462.1	 0.0	 0.0	2		
	11465.1	 0.0	 0.0	2		
	11468.1	 0.0	 0.0	2		
	11471.1	 0.0	 0.0	2		
	11474.1	 0.0	 0.0	2		
	11477.1	 0.0	 0.0	1		
	11480.1	 0.0	 0.0	1		
	11483.1	 0.0	 0.0	1		
	11486.1	 0.0	 0.0	1		
	11489.1	 0.0	 0.0	1		
	11492.1	 0.0	 0.0	1		
	11495.1	 0.0	 0.0	1		
	11498.1	109.0	50.0	1		
	11501.1	300.0	 3.0	1		
	11504.1	300.0	 3.0	1		
	11507.1	300.0	 2.0	1		
	11510.1	300.0	 3.0	1		
	11513.1	300.0	 3.0	1		
	11516.1	300.0	 3.0	1		
	11519.1	 0.0	 0.0	1		
	11522.1	 0.0	 0.0	1		
	11525.1	 0.0	 0.0	1		
	11528.1	 0.0	 0.0	1		
	11531.1	 0.0	 0.0	1		
	11534.1	 0.0	 0.0	1		
	11537.1	 0.0	 0.0	1		
	11540.1	 0.0	 0.0	0		
	11543.1	 0.0	 0.0	0		
	11546.1	 0.0	 0.0	0		
	11549.1	 0.0	 0.0	0		
	11552.1	 0.0	 0.0	0		
	11555.1	 0.0	 0.0	0		
	11558.1	 0.0	 0.0	0		
	11561.1	 0.0	 0.0	0		
	11564.1	278.0	37.0	0		
	11567.1	300.0	 2.0	0		
	11570.1	300.0	 3.0	0		
	11573.1	300.0	 2.0	0		
	11576.1	 0.0	 0.0	0		
	11579.1	 0.0	 0.0	0		
	11582.1	 0.0	 0.0	0		
	11585.1	 0.0	 0.0	0		
	11588.1	 0.0	 0.0	0		
	11591.1	 0.0	 0.0	0		
	11594.1	 0.0	 0.0	0		
	11597.1	 0.0	 0.0	0		
	11600.1	 0.0	 0.0	0		
	11603.1	 0.0	 0.0	0		
	11606.1	 0.0	 0.0	0		
	11609.1	 0.0	 0.0	0		
	11612.1	 0.0	 0.0	0		
	11615.1	141.0	50.0	0		
	11618.1	300.0	 3.0	0		
	11621.1	300.0	 2.0	0		
	11624.1	300.0	 3.0	0		
	11627.1	300.0	 3.0	0		
	11630.1	300.0	 3.0	0		
	11633.1	300.0	 3.0	0		
	11636.1	 0.0	 0.0	0		
	11639.1	 0.0	 0.0	0		
	11642.1	 0.0	 0.0	0		
	11645.1	 0.0	 0.0	0		
	11648.1	 0.0	 0.0	0		
	11651.1	 0.0	 0.0	0		
	11654.1	 0.0	 0.0	0		
	11657.1	 0.0	 0.0	3		
	11660.1	 0.0	 0.0	3		
	11663.1	 0.0	 0.0	3		
	11666.1	 0.0	 0.0	3		
	11669.1	 0.0	 0.0	3		
	11672.1	 0.0	 0.0	3		
	11675.1	 0.0	 0.0	3		
	11678.1	300.0	 0.0	3		
	11681.1	300.0	 0.0	3		
	11684.1	300.0	 0.0	3		
	11687.1	300.0	 0.0	3		
	11690.1	300.0	 0.0	3		
	11693.1	300.0	 0.0	3		
	11696.1	300.0	 0.0	3		
	11699.1	 0.0	 0.0	3		
	11702.1	 0.0	 0.0	3		
	11705.1	 0.0	 0.0	3		
	11708.1	 0.0	 0.0	3		
	11711.1	 0.0	 0.0	3		
	11714.1	 0.0	 0.0	3		
	11717.1	 0.0	 0.0	2		
	11720.1	 0.0	 0.0	2		
	11723.1	 0.0	 0.0	2		
	11726.1	 0.0	 0.0	2		
	11729.1	 0.0	 0.0	2		
	11732.1	 0.0	 0.0	2		
	11735.1	 0.0	 0.0	2		
	11738.1	108.0	50.0	2		
	11741.1	300.0	 3.0	2		
	11744.1	300.0	 3.0	2		
	11747.1	300.0	 3.0	2		
	11750.1	300.0	 3.0	2		
	11753.1	300.0	 3.0	2		
	11756.1	300.0	 3.0	2		
	11759.1	 0.0	 0.0	2		
	11762.1	 0.0	 0.0	2		
	11765.1	 0.0	 0.0	2		
	11768.1	 0.0	 0.0	2		
	11771.1	 0.0	 0.0	2		
	11774.1	 0.0	 0.0	2		
	11777.1	 0.0	 0.0	2		
	11780.1	 0.0	 0.0	1		
	11783.1	 0.0	 0.0	1		
	11786.1	 0.0	 0.0	1		
	11789.1	 0.0	 0.0	1		
	11792.1	 0.0	 0.0	1		
	11795.1	 0.0	 0.0	1		
	11798.1	 0.0	 0.0	1		
	11801.1	320.0	19.0	1		
	11804.1	300.0	 2.0	1		
	11807.1	300.0	 3.0	1		
	11810.1	300.0	 3.0	1		
	11813.1	300.0	 2.0	1		
	11816.1	300.0	 2.0	1		
	11819.1	300.0	 2.0	1		
	11822.1	 0.0	 0.0	1		
	11825.1	 0.0	 0.0	1		
	11828.1	 0.0	 0.0	1		
	11831.1	 0.0	 0.0	1		
	11834.1	 0.0	 0.0	1		
	11837.1	 0.0	 0.0	1		
	11840.1	 0.0	 0.0	0		
