	RF Time	For Pwr (W) 	Refl Pwr (W)	Cycles Remaining	Recipe	Loop
	 2.7	 0.0	 0.0	90	TiN	
	 5.7	 0.0	 0.0	90	TiN	
	 8.7	 0.0	 0.0	90	TiN	
	11.7	 0.0	 0.0	90	TiN	
	14.7	 0.0	 0.0	90	TiN	
	17.7	 0.0	 0.0	90	TiN	
	20.7	 0.0	 0.0	90	TiN	
	23.7	 0.0	 0.0	90	TiN	
	26.7	 0.0	 0.0	90	TiN	
	29.7	 0.0	 0.0	90	TiN	
	32.7	 0.0	 0.0	90	TiN	
	35.7	 0.0	 0.0	90	TiN	
	38.7	 0.0	 0.0	90	TiN	
	41.7	 0.0	 0.0	90	TiN	
	44.7	 0.0	 0.0	90	TiN	
	47.7	 0.0	 0.0	90	TiN	
	50.7	 0.0	 0.0	90	TiN	
	53.7	 0.0	 0.0	90	TiN	
	56.7	 0.0	 0.0	90	TiN	
	59.7	 0.0	 0.0	90	TiN	
	62.7	 0.0	 0.0	90	TiN	
	65.7	 0.0	 0.0	90	TiN	
	68.7	 0.0	 0.0	90	TiN	
	71.7	 0.0	 0.0	90	TiN	
	74.7	 0.0	 0.0	90	TiN	
	77.7	 0.0	 0.0	90	TiN	
	80.7	 0.0	 0.0	90	TiN	
	83.7	 0.0	 0.0	90	TiN	
	86.7	 0.0	 0.0	90	TiN	
	89.7	 0.0	 0.0	90	TiN	
	92.7	 0.0	 0.0	90	TiN	
	95.7	 0.0	 0.0	90	TiN	
	98.7	 0.0	 0.0	90	TiN	
	101.7	 0.0	 0.0	90	TiN	
	104.7	 0.0	 0.0	90	TiN	
	107.7	 0.0	 0.0	90	TiN	
	110.7	 0.0	 0.0	90	TiN	
	113.7	 0.0	 0.0	90	TiN	
	116.7	 0.0	 0.0	90	TiN	
	119.7	 0.0	 0.0	90	TiN	
	122.7	 0.0	 0.0	90	TiN	
	125.7	 0.0	 0.0	90	TiN	
	128.7	 0.0	 0.0	90	TiN	
	131.7	 0.0	 0.0	90	TiN	
	134.7	 0.0	 0.0	90	TiN	
	137.7	 0.0	 0.0	90	TiN	
	140.7	 0.0	 0.0	90	TiN	
	143.7	 0.0	 0.0	90	TiN	
	146.7	 0.0	 0.0	90	TiN	
	149.7	 0.0	 0.0	90	TiN	
	152.7	 0.0	 0.0	90	TiN	
	155.7	 0.0	 0.0	90	TiN	
	158.7	 0.0	 0.0	90	TiN	
	161.7	 0.0	 0.0	90	TiN	
	164.7	 0.0	 0.0	90	TiN	
	167.7	 0.0	 0.0	90	TiN	
	170.7	 0.0	 0.0	90	TiN	
	173.7	 0.0	 0.0	90	TiN	
	176.7	 0.0	 0.0	90	TiN	
	179.7	 0.0	 0.0	90	TiN	
	182.7	 0.0	 0.0	90	TiN	
	185.7	 0.0	 0.0	90	TiN	
	188.7	 0.0	 0.0	90	TiN	
	191.7	 0.0	 0.0	90	TiN	
	194.7	 0.0	 0.0	90	TiN	
	197.7	 0.0	 0.0	90	TiN	
	200.7	 0.0	 0.0	90	TiN	
	203.7	 0.0	 0.0	90	TiN	
	206.7	 0.0	 0.0	90	TiN	
	209.7	 0.0	 0.0	90	TiN	
	212.7	 0.0	 0.0	90	TiN	
	215.7	 0.0	 0.0	90	TiN	
	218.7	 0.0	 0.0	90	TiN	
	221.7	 0.0	 0.0	90	TiN	
	224.7	 0.0	 0.0	90	TiN	
	227.7	 0.0	 0.0	90	TiN	
	230.7	 0.0	 0.0	90	TiN	
	233.7	 0.0	 0.0	90	TiN	
	236.7	 0.0	 0.0	90	TiN	
	239.7	 0.0	 0.0	90	TiN	
	242.7	 0.0	 0.0	90	TiN	
	245.7	 0.0	 0.0	90	TiN	
	248.7	 0.0	 0.0	90	TiN	
	251.7	 0.0	 0.0	90	TiN	
	254.7	 0.0	 0.0	90	TiN	
	257.7	 0.0	 0.0	90	TiN	
	260.7	 0.0	 0.0	90	TiN	
	263.7	 0.0	 0.0	90	TiN	
	266.7	 0.0	 0.0	90	TiN	
	269.7	 0.0	 0.0	90	TiN	
	272.7	 0.0	 0.0	90	TiN	
	275.7	 0.0	 0.0	90	TiN	
	278.7	 0.0	 0.0	90	TiN	
	281.7	 0.0	 0.0	90	TiN	
	284.7	 0.0	 0.0	90	TiN	
	287.7	 0.0	 0.0	90	TiN	
	290.7	 0.0	 0.0	90	TiN	
	293.7	 0.0	 0.0	90	TiN	
	296.7	 0.0	 0.0	90	TiN	
	299.7	 0.0	 0.0	90	TiN	
	302.7	 0.0	 0.0	90	TiN	
	305.7	 0.0	 0.0	90	TiN	
	308.7	 0.0	 0.0	90	TiN	
	311.7	 0.0	 0.0	90	TiN	
	314.7	 0.0	 0.0	90	TiN	
	317.7	 0.0	 0.0	90	TiN	
	320.7	300.0	 5.0	90	TiN	
	323.7	300.0	 2.0	90	TiN	
	326.7	300.0	 2.0	90	TiN	
	329.7	300.0	 2.0	90	TiN	
	332.7	300.0	 2.0	90	TiN	
	335.7	300.0	 2.0	90	TiN	
	338.7	300.0	 2.0	90	TiN	
	341.7	 0.0	 0.0	90	TiN	
	344.7	 0.0	 0.0	89	TiN	
	347.7	 0.0	 0.0	89	TiN	
	350.7	 0.0	 0.0	89	TiN	
	353.7	300.0	 2.0	89	TiN	
	356.7	300.0	 2.0	89	TiN	
	359.7	300.0	 2.0	89	TiN	
	362.7	300.0	 2.0	89	TiN	
	365.7	300.0	 2.0	89	TiN	
	368.7	300.0	 2.0	89	TiN	
	371.7	 0.0	 0.0	89	TiN	
	374.7	 0.0	 0.0	89	TiN	
	377.7	 0.0	 0.0	88	TiN	
	380.7	 0.0	 0.0	88	TiN	
	383.7	283.0	 0.0	88	TiN	
	386.7	300.0	 0.0	88	TiN	
	389.7	300.0	 0.0	88	TiN	
	392.7	300.0	 0.0	88	TiN	
	395.7	300.0	 0.0	88	TiN	
	398.7	300.0	 0.0	88	TiN	
	401.7	300.0	 0.0	88	TiN	
	404.7	 0.0	 0.0	88	TiN	
	407.7	 0.0	 0.0	87	TiN	
	410.7	 0.0	 0.0	87	TiN	
	413.7	 0.0	 0.0	87	TiN	
	416.7	300.0	 2.0	87	TiN	
	419.7	300.0	 2.0	87	TiN	
	422.7	300.0	 2.0	87	TiN	
	425.7	300.0	 2.0	87	TiN	
	428.7	300.0	 2.0	87	TiN	
	431.7	300.0	 2.0	87	TiN	
	434.7	 0.0	 0.0	87	TiN	
	437.7	 0.0	 0.0	87	TiN	
	440.7	 0.0	 0.0	86	TiN	
	443.7	 0.0	 0.0	86	TiN	
	446.7	269.0	40.0	86	TiN	
	449.7	300.0	 3.0	86	TiN	
	452.7	300.0	 2.0	86	TiN	
	455.7	300.0	 2.0	86	TiN	
	458.7	300.0	 2.0	86	TiN	
	461.7	300.0	 2.0	86	TiN	
	464.7	300.0	 2.0	86	TiN	
	467.7	 0.0	 0.0	86	TiN	
	470.7	 0.0	 0.0	86	TiN	
	473.7	 0.0	 0.0	85	TiN	
	476.7	 0.0	 0.0	85	TiN	
	479.7	300.0	 7.0	85	TiN	
	482.7	300.0	 3.0	85	TiN	
	485.7	300.0	 3.0	85	TiN	
	488.7	300.0	 3.0	85	TiN	
	491.7	300.0	 2.0	85	TiN	
	494.7	300.0	 2.0	85	TiN	
	497.7	300.0	 2.0	85	TiN	
	500.7	 0.0	 0.0	85	TiN	
	503.7	 0.0	 0.0	84	TiN	
	506.7	 0.0	 0.0	84	TiN	
	509.7	 0.0	 0.0	84	TiN	
	512.7	300.0	 3.0	84	TiN	
	515.7	300.0	 3.0	84	TiN	
	518.7	300.0	 3.0	84	TiN	
	521.7	300.0	 2.0	84	TiN	
	524.7	300.0	 2.0	84	TiN	
	527.7	300.0	 2.0	84	TiN	
	530.7	 0.0	 0.0	84	TiN	
	533.7	 0.0	 0.0	84	TiN	
	536.7	 0.0	 0.0	83	TiN	
	539.7	 0.0	 0.0	83	TiN	
	542.7	300.0	 3.0	83	TiN	
	545.7	300.0	 3.0	83	TiN	
	548.7	300.0	 3.0	83	TiN	
	551.7	300.0	 3.0	83	TiN	
	554.7	300.0	 3.0	83	TiN	
	557.7	300.0	 3.0	83	TiN	
	560.7	300.0	 3.0	83	TiN	
	563.7	 0.0	 0.0	83	TiN	
	566.7	 0.0	 0.0	82	TiN	
	569.7	 0.0	 0.0	82	TiN	
	572.7	 0.0	 0.0	82	TiN	
	575.7	300.0	 0.0	82	TiN	
	578.7	300.0	 0.0	82	TiN	
	581.7	300.0	 0.0	82	TiN	
	584.7	300.0	 0.0	82	TiN	
	587.7	300.0	 0.0	82	TiN	
	590.7	300.0	 0.0	82	TiN	
	593.7	 0.0	 0.0	82	TiN	
	596.7	 0.0	 0.0	82	TiN	
	599.7	 0.0	 0.0	81	TiN	
	602.7	 0.0	 0.0	81	TiN	
	605.7	291.0	 3.0	81	TiN	
	608.7	300.0	 3.0	81	TiN	
	611.7	300.0	 3.0	81	TiN	
	614.7	300.0	 3.0	81	TiN	
	617.7	300.0	 3.0	81	TiN	
	620.7	300.0	 3.0	81	TiN	
	623.7	300.0	 3.0	81	TiN	
	626.7	 0.0	 0.0	81	TiN	
	629.7	 0.0	 0.0	81	TiN	
	632.7	 0.0	 0.0	80	TiN	
	635.7	 0.0	 0.0	80	TiN	
	638.7	300.0	 4.0	80	TiN	
	641.7	300.0	 3.0	80	TiN	
	644.7	300.0	 3.0	80	TiN	
	647.7	300.0	 3.0	80	TiN	
	650.7	300.0	 3.0	80	TiN	
	653.7	300.0	 3.0	80	TiN	
	656.7	300.0	 3.0	80	TiN	
	659.7	 0.0	 0.0	80	TiN	
	662.7	 0.0	 0.0	79	TiN	
	665.7	 0.0	 0.0	79	TiN	
	668.7	 0.0	 0.0	79	TiN	
	671.7	300.0	 2.0	79	TiN	
	674.7	300.0	 2.0	79	TiN	
	677.7	300.0	 2.0	79	TiN	
	680.7	300.0	 3.0	79	TiN	
	683.7	300.0	 3.0	79	TiN	
	686.7	300.0	 3.0	79	TiN	
	689.7	 0.0	 0.0	79	TiN	
	692.7	 0.0	 0.0	79	TiN	
	695.7	 0.0	 0.0	78	TiN	
	698.7	 0.0	 0.0	78	TiN	
	701.7	300.0	 3.0	78	TiN	
	704.7	300.0	 3.0	78	TiN	
	707.7	300.0	 3.0	78	TiN	
	710.7	300.0	 3.0	78	TiN	
	713.7	300.0	 3.0	78	TiN	
	716.7	300.0	 3.0	78	TiN	
	719.7	300.0	 2.0	78	TiN	
	722.7	 0.0	 0.0	78	TiN	
	725.7	 0.0	 0.0	77	TiN	
	728.7	 0.0	 0.0	77	TiN	
	731.7	 0.0	 0.0	77	TiN	
	734.7	300.0	 0.0	77	TiN	
	737.7	300.0	 0.0	77	TiN	
	740.7	300.0	 0.0	77	TiN	
	743.7	300.0	 0.0	77	TiN	
	746.7	300.0	 0.0	77	TiN	
	749.7	300.0	 0.0	77	TiN	
	752.7	 0.0	 0.0	77	TiN	
	755.7	 0.0	 0.0	77	TiN	
	758.7	 0.0	 0.0	76	TiN	
	761.7	 0.0	 0.0	76	TiN	
	764.7	286.0	 6.0	76	TiN	
	767.7	300.0	 3.0	76	TiN	
	770.7	300.0	 3.0	76	TiN	
	773.7	300.0	 3.0	76	TiN	
	776.7	300.0	 3.0	76	TiN	
	779.7	300.0	 3.0	76	TiN	
	782.7	300.0	 3.0	76	TiN	
	785.7	 0.0	 0.0	76	TiN	
	788.7	 0.0	 0.0	76	TiN	
	791.7	 0.0	 0.0	75	TiN	
	794.7	 0.0	 0.0	75	TiN	
	797.7	300.0	 2.0	75	TiN	
	800.7	300.0	 2.0	75	TiN	
	803.7	300.0	 2.0	75	TiN	
	806.7	300.0	 2.0	75	TiN	
	809.7	300.0	 2.0	75	TiN	
	812.7	300.0	 2.0	75	TiN	
	815.7	300.0	 2.0	75	TiN	
	818.7	 0.0	 0.0	75	TiN	
	821.7	 0.0	 0.0	74	TiN	
	824.7	 0.0	 0.0	74	TiN	
	827.7	319.0	13.0	74	TiN	
	830.7	300.0	 1.0	74	TiN	
	833.7	300.0	 1.0	74	TiN	
	836.7	300.0	 2.0	74	TiN	
	839.7	300.0	 2.0	74	TiN	
	842.7	300.0	 2.0	74	TiN	
	845.7	300.0	 2.0	74	TiN	
	848.7	 0.0	 0.0	74	TiN	
	851.7	 0.0	 0.0	74	TiN	
	854.7	 0.0	 0.0	73	TiN	
	857.7	 0.0	 0.0	73	TiN	
	860.7	300.0	 1.0	73	TiN	
	863.7	300.0	 1.0	73	TiN	
	866.7	300.0	 1.0	73	TiN	
	869.7	300.0	 1.0	73	TiN	
	872.7	300.0	 1.0	73	TiN	
	875.7	300.0	 1.0	73	TiN	
	878.7	300.0	 1.0	73	TiN	
	881.7	 0.0	 0.0	73	TiN	
	884.7	 0.0	 0.0	72	TiN	
	887.7	 0.0	 0.0	72	TiN	
	890.7	 0.0	 0.0	72	TiN	
	893.7	300.0	 3.0	72	TiN	
	896.7	300.0	 3.0	72	TiN	
	899.7	300.0	 3.0	72	TiN	
	902.7	300.0	 3.0	72	TiN	
	905.7	300.0	 3.0	72	TiN	
	908.7	300.0	 3.0	72	TiN	
	911.7	 0.0	 0.0	72	TiN	
	914.7	 0.0	 0.0	72	TiN	
	917.7	 0.0	 0.0	71	TiN	
	920.7	 0.0	 0.0	71	TiN	
	923.7	300.0	 6.0	71	TiN	
	926.7	300.0	 3.0	71	TiN	
	929.7	300.0	 3.0	71	TiN	
	932.7	300.0	 3.0	71	TiN	
	935.7	300.0	 3.0	71	TiN	
	938.7	300.0	 3.0	71	TiN	
	941.7	300.0	 3.0	71	TiN	
	944.7	 0.0	 0.0	71	TiN	
	947.7	 0.0	 0.0	70	TiN	
	950.7	 0.0	 0.0	70	TiN	
	953.7	 0.0	 0.0	70	TiN	
	956.7	300.0	 3.0	70	TiN	
	959.7	300.0	 3.0	70	TiN	
	962.7	300.0	 3.0	70	TiN	
	965.7	300.0	 3.0	70	TiN	
	968.7	300.0	 3.0	70	TiN	
	971.7	300.0	 3.0	70	TiN	
	974.7	 0.0	 0.0	70	TiN	
	977.7	 0.0	 0.0	70	TiN	
	980.7	 0.0	 0.0	69	TiN	
	983.7	 0.0	 0.0	69	TiN	
	986.7	287.0	11.0	69	TiN	
	989.7	300.0	 3.0	69	TiN	
	992.7	300.0	 3.0	69	TiN	
	995.7	300.0	 3.0	69	TiN	
	998.7	300.0	 3.0	69	TiN	
	1001.7	300.0	 3.0	69	TiN	
	1004.7	300.0	 3.0	69	TiN	
	1007.7	 0.0	 0.0	69	TiN	
	1010.7	 0.0	 0.0	69	TiN	
	1013.7	 0.0	 0.0	68	TiN	
	1016.7	 0.0	 0.0	68	TiN	
	1019.7	300.0	 2.0	68	TiN	
	1022.7	300.0	 2.0	68	TiN	
	1025.7	300.0	 2.0	68	TiN	
	1028.7	300.0	 2.0	68	TiN	
	1031.7	300.0	 2.0	68	TiN	
	1034.7	300.0	 2.0	68	TiN	
	1037.7	300.0	 2.0	68	TiN	
	1040.7	 0.0	 0.0	68	TiN	
	1043.7	 0.0	 0.0	67	TiN	
	1046.7	 0.0	 0.0	67	TiN	
	1049.7	 0.0	 0.0	67	TiN	
	1052.7	300.0	 2.0	67	TiN	
	1055.7	300.0	 2.0	67	TiN	
	1058.7	300.0	 2.0	67	TiN	
	1061.7	300.0	 2.0	67	TiN	
	1064.7	300.0	 2.0	67	TiN	
	1067.7	300.0	 2.0	67	TiN	
	1070.7	 0.0	 0.0	67	TiN	
	1073.7	 0.0	 0.0	67	TiN	
	1076.7	 0.0	 0.0	66	TiN	
	1079.7	 0.0	 0.0	66	TiN	
	1082.7	300.0	 0.0	66	TiN	
	1085.7	300.0	 0.0	66	TiN	
	1088.7	300.0	 0.0	66	TiN	
	1091.7	300.0	 0.0	66	TiN	
	1094.7	300.0	 0.0	66	TiN	
	1097.7	300.0	 0.0	66	TiN	
	1100.7	300.0	 0.0	66	TiN	
	1103.7	 0.0	 0.0	66	TiN	
	1106.7	 0.0	 0.0	65	TiN	
	1109.7	 0.0	 0.0	65	TiN	
	1112.7	 0.0	 0.0	65	TiN	
	1115.7	300.0	 2.0	65	TiN	
	1118.7	300.0	 2.0	65	TiN	
	1121.7	300.0	 2.0	65	TiN	
	1124.7	300.0	 2.0	65	TiN	
	1127.7	300.0	 2.0	65	TiN	
	1130.7	300.0	 2.0	65	TiN	
	1133.7	 0.0	 0.0	65	TiN	
	1136.7	 0.0	 0.0	65	TiN	
	1139.7	 0.0	 0.0	64	TiN	
	1142.7	 0.0	 0.0	64	TiN	
	1145.7	284.0	 6.0	64	TiN	
	1148.7	300.0	 3.0	64	TiN	
	1151.7	300.0	 3.0	64	TiN	
	1154.7	300.0	 3.0	64	TiN	
	1157.7	300.0	 3.0	64	TiN	
	1160.7	300.0	 3.0	64	TiN	
	1163.7	300.0	 3.0	64	TiN	
	1166.7	 0.0	 0.0	64	TiN	
	1169.7	 0.0	 0.0	64	TiN	
	1172.7	 0.0	 0.0	63	TiN	
	1175.7	 0.0	 0.0	63	TiN	
	1178.7	300.0	 3.0	63	TiN	
	1181.7	300.0	 3.0	63	TiN	
	1184.7	300.0	 3.0	63	TiN	
	1187.7	300.0	 3.0	63	TiN	
	1190.7	300.0	 3.0	63	TiN	
	1193.7	300.0	 3.0	63	TiN	
	1196.7	300.0	 3.0	63	TiN	
	1199.7	 0.0	 0.0	63	TiN	
	1202.7	 0.0	 0.0	62	TiN	
	1205.7	 0.0	 0.0	62	TiN	
	1208.7	 0.0	 0.0	62	TiN	
	1211.7	300.0	 3.0	62	TiN	
	1214.7	300.0	 3.0	62	TiN	
	1217.7	300.0	 3.0	62	TiN	
	1220.7	300.0	 3.0	62	TiN	
	1223.7	300.0	 3.0	62	TiN	
	1226.7	300.0	 3.0	62	TiN	
	1229.7	 0.0	 0.0	62	TiN	
	1232.7	 0.0	 0.0	62	TiN	
	1235.7	 0.0	 0.0	61	TiN	
	1238.7	 0.0	 0.0	61	TiN	
	1241.7	300.0	 6.0	61	TiN	
	1244.7	300.0	 3.0	61	TiN	
	1247.7	300.0	 3.0	61	TiN	
	1250.7	300.0	 3.0	61	TiN	
	1253.7	300.0	 3.0	61	TiN	
	1256.7	300.0	 3.0	61	TiN	
	1259.7	300.0	 3.0	61	TiN	
	1262.7	 0.0	 0.0	61	TiN	
	1265.7	 0.0	 0.0	60	TiN	
	1268.7	 0.0	 0.0	60	TiN	
	1271.7	 0.0	 0.0	60	TiN	
	1274.7	300.0	 2.0	60	TiN	
	1277.7	300.0	 2.0	60	TiN	
	1280.7	300.0	 2.0	60	TiN	
	1283.7	300.0	 2.0	60	TiN	
	1286.7	300.0	 2.0	60	TiN	
	1289.7	300.0	 2.0	60	TiN	
	1292.7	 0.0	 0.0	60	TiN	
	1295.7	 0.0	 0.0	60	TiN	
	1298.7	 0.0	 0.0	59	TiN	
	1301.7	 0.0	 0.0	59	TiN	
	1304.7	300.0	 3.0	59	TiN	
	1307.7	300.0	 2.0	59	TiN	
	1310.7	300.0	 2.0	59	TiN	
	1313.7	300.0	 2.0	59	TiN	
	1316.7	300.0	 2.0	59	TiN	
	1319.7	300.0	 2.0	59	TiN	
	1322.7	300.0	 2.0	59	TiN	
	1325.7	 0.0	 0.0	59	TiN	
	1328.7	 0.0	 0.0	59	TiN	
	1331.7	 0.0	 0.0	58	TiN	
	1334.7	 0.0	 0.0	58	TiN	
	1337.7	300.0	 3.0	58	TiN	
	1340.7	300.0	 3.0	58	TiN	
	1343.7	300.0	 3.0	58	TiN	
	1346.7	300.0	 3.0	58	TiN	
	1349.7	300.0	 3.0	58	TiN	
	1352.7	300.0	 3.0	58	TiN	
	1355.7	300.0	 3.0	58	TiN	
	1358.7	 0.0	 0.0	58	TiN	
	1361.7	 0.0	 0.0	57	TiN	
	1364.7	 0.0	 0.0	57	TiN	
	1367.7	197.0	23.0	57	TiN	
	1370.7	300.0	 2.0	57	TiN	
	1373.7	300.0	 2.0	57	TiN	
	1376.7	300.0	 2.0	57	TiN	
	1379.7	300.0	 2.0	57	TiN	
	1382.7	300.0	 2.0	57	TiN	
	1385.7	300.0	 2.0	57	TiN	
	1388.7	 0.0	 0.0	57	TiN	
	1391.7	 0.0	 0.0	57	TiN	
	1394.7	 0.0	 0.0	56	TiN	
	1397.7	 0.0	 0.0	56	TiN	
	1400.7	300.0	 4.0	56	TiN	
	1403.7	300.0	 3.0	56	TiN	
	1406.7	300.0	 3.0	56	TiN	
	1409.7	300.0	 3.0	56	TiN	
	1412.7	300.0	 3.0	56	TiN	
	1415.7	300.0	 3.0	56	TiN	
	1418.7	300.0	 3.0	56	TiN	
	1421.7	 0.0	 0.0	56	TiN	
	1424.7	 0.0	 0.0	55	TiN	
	1427.7	 0.0	 0.0	55	TiN	
	1430.7	 0.0	 0.0	55	TiN	
	1433.7	300.0	 3.0	55	TiN	
	1436.7	300.0	 3.0	55	TiN	
	1439.7	300.0	 3.0	55	TiN	
	1442.7	300.0	 3.0	55	TiN	
	1445.7	300.0	 3.0	55	TiN	
	1448.7	300.0	 3.0	55	TiN	
	1451.7	 0.0	 0.0	55	TiN	
	1454.7	 0.0	 0.0	55	TiN	
	1457.7	 0.0	 0.0	54	TiN	
	1460.7	 0.0	 0.0	54	TiN	
	1463.7	300.0	 0.0	54	TiN	
	1466.7	300.0	 0.0	54	TiN	
	1469.7	300.0	 0.0	54	TiN	
	1472.7	300.0	 0.0	54	TiN	
	1475.7	300.0	 0.0	54	TiN	
	1478.7	300.0	 0.0	54	TiN	
	1481.7	300.0	 0.0	54	TiN	
	1484.7	 0.0	 0.0	54	TiN	
	1487.7	 0.0	 0.0	54	TiN	goto;01690
	1490.7	 0.0	 0.0	53	TiN	
	1493.7	 0.0	 0.0	53	TiN	
	1496.7	300.0	 3.0	53	TiN	
	1499.7	300.0	 3.0	53	TiN	
	1502.7	300.0	 3.0	53	TiN	
	1505.7	300.0	 3.0	53	TiN	
	1508.7	300.0	 3.0	53	TiN	
	1511.7	300.0	 3.0	53	TiN	
	1514.7	300.0	 3.0	53	TiN	
	1517.7	 0.0	 0.0	53	TiN	
	1520.7	 0.0	 0.0	52	TiN	
	1523.7	 0.0	 0.0	52	TiN	
	1526.7	300.0	 6.0	52	TiN	
	1529.7	300.0	 3.0	52	TiN	
	1532.7	300.0	 3.0	52	TiN	
	1535.7	300.0	 3.0	52	TiN	
	1538.7	300.0	 3.0	52	TiN	
	1541.7	300.0	 3.0	52	TiN	
	1544.7	300.0	 3.0	52	TiN	
	1547.7	 0.0	 0.0	52	TiN	
	1550.7	 0.0	 0.0	52	TiN	
	1553.7	 0.0	 0.0	51	TiN	
	1556.7	 0.0	 0.0	51	TiN	
	1559.7	300.0	 4.0	51	TiN	
	1562.7	300.0	 3.0	51	TiN	
	1565.7	300.0	 3.0	51	TiN	
	1568.7	300.0	 3.0	51	TiN	
	1571.7	300.0	 3.0	51	TiN	
	1574.7	300.0	 3.0	51	TiN	
	1577.7	300.0	 3.0	51	TiN	
	1580.7	 0.0	 0.0	51	TiN	
	1583.7	 0.0	 0.0	50	TiN	
	1586.7	 0.0	 0.0	50	TiN	
	1589.7	 0.0	 0.0	50	TiN	
	1592.7	300.0	 3.0	50	TiN	
	1595.7	300.0	 3.0	50	TiN	
	1598.7	300.0	 3.0	50	TiN	
	1601.7	300.0	 3.0	50	TiN	
	1604.7	300.0	 3.0	50	TiN	
	1607.7	300.0	 3.0	50	TiN	
	1610.7	 0.0	 0.0	50	TiN	
	1613.7	 0.0	 0.0	50	TiN	
	1616.7	 0.0	 0.0	49	TiN	
	1619.7	 0.0	 0.0	49	TiN	
	1622.7	286.0	 0.0	49	TiN	
	1625.7	300.0	 0.0	49	TiN	
	1628.7	300.0	 0.0	49	TiN	
	1631.7	300.0	 0.0	49	TiN	
	1634.7	300.0	 0.0	49	TiN	
	1637.7	300.0	 0.0	49	TiN	
	1640.7	300.0	 0.0	49	TiN	
	1643.7	 0.0	 0.0	49	TiN	
	1646.7	 0.0	 0.0	48	TiN	
	1649.7	 0.0	 0.0	48	TiN	
	1652.7	 0.0	 0.0	48	TiN	
	1655.7	300.0	 0.0	48	TiN	
	1658.7	300.0	 0.0	48	TiN	
	1661.7	300.0	 0.0	48	TiN	
	1664.7	300.0	 0.0	48	TiN	
	1667.7	300.0	 0.0	48	TiN	
	1670.7	300.0	 0.0	48	TiN	
	1673.7	 0.0	 0.0	48	TiN	
	1676.7	 0.0	 0.0	48	TiN	
	1679.7	 0.0	 0.0	47	TiN	
	1682.7	 0.0	 0.0	47	TiN	
	1685.7	310.0	 3.0	47	TiN	
	1688.7	300.0	 2.0	47	TiN	
	1691.7	300.0	 2.0	47	TiN	
	1694.7	300.0	 2.0	47	TiN	
	1697.7	300.0	 2.0	47	TiN	
	1700.7	300.0	 2.0	47	TiN	
	1703.7	300.0	 2.0	47	TiN	
	1706.7	 0.0	 0.0	47	TiN	
	1709.7	 0.0	 0.0	47	TiN	
	1712.7	 0.0	 0.0	46	TiN	
	1715.7	 0.0	 0.0	46	TiN	
	1718.7	300.0	 7.0	46	TiN	
	1721.7	300.0	 3.0	46	TiN	
	1724.7	300.0	 3.0	46	TiN	
	1727.7	300.0	 3.0	46	TiN	
	1730.7	300.0	 3.0	46	TiN	
	1733.7	300.0	 3.0	46	TiN	
	1736.7	300.0	 3.0	46	TiN	
	1739.7	 0.0	 0.0	46	TiN	
	1742.7	 0.0	 0.0	45	TiN	
	1745.7	 0.0	 0.0	45	TiN	
	1748.7	 0.0	 0.0	45	TiN	
	1751.7	300.0	 3.0	45	TiN	
	1754.7	300.0	 3.0	45	TiN	
	1757.7	300.0	 3.0	45	TiN	
	1760.7	300.0	 3.0	45	TiN	
	1763.7	300.0	 3.0	45	TiN	
	1766.7	300.0	 3.0	45	TiN	
	1769.7	 0.0	 0.0	45	TiN	
	1772.7	 0.0	 0.0	45	TiN	
	1775.7	 0.0	 0.0	44	TiN	
	1778.7	 0.0	 0.0	44	TiN	
	1781.7	300.0	 0.0	44	TiN	
	1784.7	300.0	 0.0	44	TiN	
	1787.7	300.0	 0.0	44	TiN	
	1790.7	300.0	 0.0	44	TiN	
	1793.7	300.0	 0.0	44	TiN	
	1796.7	300.0	 0.0	44	TiN	
	1799.7	300.0	 0.0	44	TiN	
	1802.7	 0.0	 0.0	44	TiN	
	1805.7	 0.0	 0.0	43	TiN	
	1808.7	 0.0	 0.0	43	TiN	
	1811.7	 0.0	 0.0	43	TiN	
	1814.7	300.0	 4.0	43	TiN	
	1817.7	300.0	 3.0	43	TiN	
	1820.7	300.0	 3.0	43	TiN	
	1823.7	300.0	 3.0	43	TiN	
	1826.7	300.0	 3.0	43	TiN	
	1829.7	300.0	 3.0	43	TiN	
	1832.7	 0.0	 0.0	43	TiN	
	1835.7	 0.0	 0.0	43	TiN	
	1838.7	 0.0	 0.0	42	TiN	
	1841.7	 0.0	 0.0	42	TiN	
	1844.7	315.0	 5.0	42	TiN	
	1847.7	300.0	 3.0	42	TiN	
	1850.7	300.0	 3.0	42	TiN	
	1853.7	300.0	 3.0	42	TiN	
	1856.7	300.0	 3.0	42	TiN	
	1859.7	300.0	 3.0	42	TiN	
	1862.7	300.0	 3.0	42	TiN	
	1865.7	 0.0	 0.0	42	TiN	
	1868.7	 0.0	 0.0	42	TiN	
	1871.7	 0.0	 0.0	41	TiN	
	1874.7	 0.0	 0.0	41	TiN	
	1877.7	300.0	 3.0	41	TiN	
	1880.7	300.0	 3.0	41	TiN	
	1883.7	300.0	 3.0	41	TiN	
	1886.7	300.0	 3.0	41	TiN	
	1889.7	300.0	 3.0	41	TiN	
	1892.7	300.0	 3.0	41	TiN	
	1895.7	300.0	 3.0	41	TiN	
	1898.7	 0.0	 0.0	41	TiN	
	1901.7	 0.0	 0.0	40	TiN	
	1904.7	 0.0	 0.0	40	TiN	
	1907.7	283.0	41.0	40	TiN	
	1910.7	300.0	 3.0	40	TiN	
	1913.7	300.0	 3.0	40	TiN	
	1916.7	300.0	 3.0	40	TiN	
	1919.7	300.0	 3.0	40	TiN	
	1922.7	300.0	 3.0	40	TiN	
	1925.7	300.0	 3.0	40	TiN	
	1928.7	 0.0	 0.0	40	TiN	
	1931.7	 0.0	 0.0	40	TiN	
	1934.7	 0.0	 0.0	39	TiN	
	1937.7	 0.0	 0.0	39	TiN	
	1940.7	300.0	 2.0	39	TiN	
	1943.7	300.0	 2.0	39	TiN	
	1946.7	300.0	 2.0	39	TiN	
	1949.7	300.0	 2.0	39	TiN	
	1952.7	300.0	 2.0	39	TiN	
	1955.7	300.0	 2.0	39	TiN	
	1958.7	300.0	 2.0	39	TiN	
	1961.7	 0.0	 0.0	39	TiN	
	1964.7	 0.0	 0.0	38	TiN	
	1967.7	 0.0	 0.0	38	TiN	
	1970.7	 0.0	 0.0	38	TiN	
	1973.7	300.0	 3.0	38	TiN	
	1976.7	300.0	 3.0	38	TiN	
	1979.7	300.0	 3.0	38	TiN	
	1982.7	300.0	 3.0	38	TiN	
	1985.7	300.0	 3.0	38	TiN	
	1988.7	300.0	 3.0	38	TiN	
	1991.7	 0.0	 0.0	38	TiN	
	1994.7	 0.0	 0.0	38	TiN	
	1997.7	 0.0	 0.0	37	TiN	
	2000.7	 0.0	 0.0	37	TiN	
	2003.7	270.0	 2.0	37	TiN	
	2006.7	300.0	 3.0	37	TiN	
	2009.7	300.0	 3.0	37	TiN	
	2012.7	300.0	 3.0	37	TiN	
	2015.7	300.0	 3.0	37	TiN	
	2018.7	300.0	 3.0	37	TiN	
	2021.7	300.0	 3.0	37	TiN	
	2024.7	 0.0	 0.0	37	TiN	
	2027.7	 0.0	 0.0	37	TiN	goto;01690
	2030.7	 0.0	 0.0	36	TiN	
	2033.7	 0.0	 0.0	36	TiN	
	2036.7	300.0	 0.0	36	TiN	
	2039.7	300.0	 0.0	36	TiN	
	2042.7	300.0	 0.0	36	TiN	
	2045.7	300.0	 0.0	36	TiN	
	2048.7	300.0	 0.0	36	TiN	
	2051.7	300.0	 0.0	36	TiN	
	2054.7	300.0	 0.0	36	TiN	
	2057.7	 0.0	 0.0	36	TiN	
	2060.7	 0.0	 0.0	35	TiN	
	2063.7	 0.0	 0.0	35	TiN	
	2066.7	321.0	12.0	35	TiN	
	2069.7	300.0	 2.0	35	TiN	
	2072.7	300.0	 2.0	35	TiN	
	2075.7	300.0	 2.0	35	TiN	
	2078.7	300.0	 2.0	35	TiN	
	2081.7	300.0	 2.0	35	TiN	
	2084.7	300.0	 2.0	35	TiN	
	2087.7	 0.0	 0.0	35	TiN	
	2090.7	 0.0	 0.0	35	TiN	
	2093.7	 0.0	 0.0	34	TiN	
	2096.7	 0.0	 0.0	34	TiN	
	2099.7	300.0	 3.0	34	TiN	
	2102.7	300.0	 3.0	34	TiN	
	2105.7	300.0	 3.0	34	TiN	
	2108.7	300.0	 3.0	34	TiN	
	2111.7	300.0	 3.0	34	TiN	
	2114.7	300.0	 3.0	34	TiN	
	2117.7	300.0	 3.0	34	TiN	
	2120.7	 0.0	 0.0	34	TiN	
	2123.7	 0.0	 0.0	33	TiN	
	2126.7	 0.0	 0.0	33	TiN	
	2129.7	 0.0	 0.0	33	TiN	
	2132.7	300.0	 0.0	33	TiN	
	2135.7	300.0	 0.0	33	TiN	
	2138.7	300.0	 0.0	33	TiN	
	2141.7	300.0	 0.0	33	TiN	
	2144.7	300.0	 0.0	33	TiN	
	2147.7	300.0	 0.0	33	TiN	
	2150.7	 0.0	 0.0	33	TiN	
	2153.7	 0.0	 0.0	33	TiN	
	2156.7	 0.0	 0.0	32	TiN	
	2159.7	 0.0	 0.0	32	TiN	
	2162.7	300.0	 5.0	32	TiN	
	2165.7	300.0	 3.0	32	TiN	
	2168.7	300.0	 3.0	32	TiN	
	2171.7	300.0	 3.0	32	TiN	
	2174.7	300.0	 3.0	32	TiN	
	2177.7	300.0	 3.0	32	TiN	
	2180.7	300.0	 3.0	32	TiN	
	2183.7	 0.0	 0.0	32	TiN	
	2186.7	 0.0	 0.0	31	TiN	
	2189.7	 0.0	 0.0	31	TiN	
	2192.7	 0.0	 0.0	31	TiN	
	2195.7	300.0	 2.0	31	TiN	
	2198.7	300.0	 2.0	31	TiN	
	2201.7	300.0	 2.0	31	TiN	
	2204.7	300.0	 2.0	31	TiN	
	2207.7	300.0	 2.0	31	TiN	
	2210.7	300.0	 2.0	31	TiN	
	2213.7	 0.0	 0.0	31	TiN	
	2216.7	 0.0	 0.0	31	TiN	
	2219.7	 0.0	 0.0	30	TiN	
	2222.7	 0.0	 0.0	30	TiN	
	2225.7	312.0	 4.0	30	TiN	
	2228.7	300.0	 2.0	30	TiN	
	2231.7	300.0	 2.0	30	TiN	
	2234.7	300.0	 2.0	30	TiN	
	2237.7	300.0	 2.0	30	TiN	
	2240.7	300.0	 2.0	30	TiN	
	2243.7	300.0	 2.0	30	TiN	
	2246.7	 0.0	 0.0	30	TiN	
	2249.7	 0.0	 0.0	30	TiN	
	2252.7	 0.0	 0.0	29	TiN	
	2255.7	 0.0	 0.0	29	TiN	
	2258.7	300.0	 3.0	29	TiN	
	2261.7	300.0	 3.0	29	TiN	
	2264.7	300.0	 3.0	29	TiN	
	2267.7	300.0	 3.0	29	TiN	
	2270.7	300.0	 3.0	29	TiN	
	2273.7	300.0	 3.0	29	TiN	
	2276.7	300.0	 3.0	29	TiN	
	2279.7	 0.0	 0.0	29	TiN	
	2282.7	 0.0	 0.0	28	TiN	
	2285.7	 0.0	 0.0	28	TiN	
	2288.7	 0.0	 0.0	28	TiN	
	2291.7	300.0	 3.0	28	TiN	
	2294.7	300.0	 3.0	28	TiN	
	2297.7	300.0	 3.0	28	TiN	
	2300.7	300.0	 3.0	28	TiN	
	2303.7	300.0	 3.0	28	TiN	
	2306.7	300.0	 3.0	28	TiN	
	2309.7	 0.0	 0.0	28	TiN	
	2312.7	 0.0	 0.0	28	TiN	
	2315.7	 0.0	 0.0	27	TiN	
	2318.7	 0.0	 0.0	27	TiN	
	2321.7	300.0	 3.0	27	TiN	
	2324.7	300.0	 3.0	27	TiN	
	2327.7	300.0	 3.0	27	TiN	
	2330.7	300.0	 3.0	27	TiN	
	2333.7	300.0	 3.0	27	TiN	
	2336.7	300.0	 3.0	27	TiN	
	2339.7	300.0	 3.0	27	TiN	
	2342.7	 0.0	 0.0	27	TiN	
	2345.7	 0.0	 0.0	26	TiN	
	2348.7	 0.0	 0.0	26	TiN	
	2351.7	 0.0	 0.0	26	TiN	
	2354.7	300.0	 3.0	26	TiN	
	2357.7	300.0	 3.0	26	TiN	
	2360.7	300.0	 3.0	26	TiN	
	2363.7	300.0	 3.0	26	TiN	
	2366.7	300.0	 3.0	26	TiN	
	2369.7	300.0	 3.0	26	TiN	
	2372.7	 0.0	 0.0	26	TiN	
	2375.7	 0.0	 0.0	26	TiN	
	2378.7	 0.0	 0.0	25	TiN	
	2381.7	 0.0	 0.0	25	TiN	
	2384.7	300.0	 2.0	25	TiN	
	2387.7	300.0	 3.0	25	TiN	
	2390.7	300.0	 3.0	25	TiN	
	2393.7	300.0	 3.0	25	TiN	
	2396.7	300.0	 3.0	25	TiN	
	2399.7	300.0	 3.0	25	TiN	
	2402.7	300.0	 3.0	25	TiN	
	2405.7	 0.0	 0.0	25	TiN	
	2408.7	 0.0	 0.0	25	TiN	
	2411.7	 0.0	 0.0	24	TiN	
	2414.7	 0.0	 0.0	24	TiN	
	2417.7	300.0	 7.0	24	TiN	
	2420.7	300.0	 3.0	24	TiN	
	2423.7	300.0	 3.0	24	TiN	
	2426.7	300.0	 3.0	24	TiN	
	2429.7	300.0	 3.0	24	TiN	
	2432.7	300.0	 3.0	24	TiN	
	2435.7	300.0	 3.0	24	TiN	
	2438.7	 0.0	 0.0	24	TiN	
	2441.7	 0.0	 0.0	23	TiN	
	2444.7	 0.0	 0.0	23	TiN	
	2447.7	 0.0	 0.0	23	TiN	
	2450.7	300.0	 2.0	23	TiN	
	2453.7	300.0	 2.0	23	TiN	
	2456.7	300.0	 2.0	23	TiN	
	2459.7	300.0	 2.0	23	TiN	
	2462.7	300.0	 2.0	23	TiN	
	2465.7	300.0	 2.0	23	TiN	
	2468.7	 0.0	 0.0	23	TiN	
	2471.7	 0.0	 0.0	23	TiN	
	2474.7	 0.0	 0.0	22	TiN	
	2477.7	 0.0	 0.0	22	TiN	
	2480.7	300.0	 3.0	22	TiN	
	2483.7	300.0	 3.0	22	TiN	
	2486.7	300.0	 3.0	22	TiN	
	2489.7	300.0	 3.0	22	TiN	
	2492.7	300.0	 3.0	22	TiN	
	2495.7	300.0	 3.0	22	TiN	
	2498.7	300.0	 3.0	22	TiN	
	2501.7	 0.0	 0.0	22	TiN	
	2504.7	 0.0	 0.0	21	TiN	
	2507.7	 0.0	 0.0	21	TiN	
	2510.7	 0.0	 0.0	21	TiN	
	2513.7	300.0	 2.0	21	TiN	
	2516.7	300.0	 2.0	21	TiN	
	2519.7	300.0	 2.0	21	TiN	
	2522.7	300.0	 2.0	21	TiN	
	2525.7	300.0	 2.0	21	TiN	
	2528.7	300.0	 2.0	21	TiN	
	2531.7	 0.0	 0.0	21	TiN	
	2534.7	 0.0	 0.0	21	TiN	
	2537.7	 0.0	 0.0	20	TiN	
	2540.7	 0.0	 0.0	20	TiN	
	2543.7	270.0	 0.0	20	TiN	
	2546.7	300.0	 0.0	20	TiN	
	2549.7	300.0	 0.0	20	TiN	
	2552.7	300.0	 0.0	20	TiN	
	2555.7	300.0	 0.0	20	TiN	
	2558.7	300.0	 0.0	20	TiN	
	2561.7	300.0	 0.0	20	TiN	
	2564.7	 0.0	 0.0	20	TiN	
	2567.7	 0.0	 0.0	20	TiN	
	2570.7	 0.0	 0.0	19	TiN	
	2573.7	 0.0	 0.0	19	TiN	
	2576.7	300.0	 4.0	19	TiN	
	2579.7	300.0	 3.0	19	TiN	
	2582.7	300.0	 3.0	19	TiN	
	2585.7	300.0	 3.0	19	TiN	
	2588.7	300.0	 3.0	19	TiN	
	2591.7	300.0	 3.0	19	TiN	
	2594.7	300.0	 3.0	19	TiN	
	2597.7	 0.0	 0.0	19	TiN	
	2600.7	 0.0	 0.0	18	TiN	
	2603.7	 0.0	 0.0	18	TiN	
	2606.7	320.0	 5.0	18	TiN	
	2609.7	300.0	 0.0	18	TiN	
	2612.7	300.0	 0.0	18	TiN	
	2615.7	300.0	 0.0	18	TiN	
	2618.7	300.0	 0.0	18	TiN	
	2621.7	300.0	 0.0	18	TiN	
	2624.7	300.0	 0.0	18	TiN	
	2627.7	 0.0	 0.0	18	TiN	
	2630.7	 0.0	 0.0	18	TiN	
	2633.7	 0.0	 0.0	17	TiN	
	2636.7	 0.0	 0.0	17	TiN	
	2639.7	300.0	10.0	17	TiN	
	2642.7	300.0	 3.0	17	TiN	
	2645.7	300.0	 3.0	17	TiN	
	2648.7	300.0	 3.0	17	TiN	
	2651.7	300.0	 3.0	17	TiN	
	2654.7	300.0	 3.0	17	TiN	
	2657.7	300.0	 3.0	17	TiN	
	2660.7	 0.0	 0.0	17	TiN	
	2663.7	 0.0	 0.0	16	TiN	
	2666.7	 0.0	 0.0	16	TiN	
	2669.7	 0.0	 0.0	16	TiN	
	2672.7	300.0	 3.0	16	TiN	
	2675.7	300.0	 3.0	16	TiN	
	2678.7	300.0	 3.0	16	TiN	
	2681.7	300.0	 3.0	16	TiN	
	2684.7	300.0	 3.0	16	TiN	
	2687.7	300.0	 3.0	16	TiN	
	2690.7	 0.0	 0.0	16	TiN	
	2693.7	 0.0	 0.0	16	TiN	
	2696.7	 0.0	 0.0	15	TiN	
	2699.7	 0.0	 0.0	15	TiN	
	2702.7	290.0	 8.0	15	TiN	
	2705.7	300.0	 3.0	15	TiN	
	2708.7	300.0	 3.0	15	TiN	
	2711.7	300.0	 3.0	15	TiN	
	2714.7	300.0	 3.0	15	TiN	
	2717.7	300.0	 3.0	15	TiN	
	2720.7	300.0	 3.0	15	TiN	
	2723.7	 0.0	 0.0	15	TiN	
	2726.7	 0.0	 0.0	14	TiN	
	2729.7	 0.0	 0.0	14	TiN	
	2732.7	 0.0	 0.0	14	TiN	
	2735.7	300.0	 3.0	14	TiN	
	2738.7	300.0	 3.0	14	TiN	
	2741.7	300.0	 3.0	14	TiN	
	2744.7	300.0	 3.0	14	TiN	
	2747.7	300.0	 3.0	14	TiN	
	2750.7	300.0	 3.0	14	TiN	
	2753.7	300.0	 3.0	14	TiN	
	2756.7	 0.0	 0.0	14	TiN	
	2759.7	 0.0	 0.0	13	TiN	
	2762.7	 0.0	 0.0	13	TiN	
	2765.7	300.0	10.0	13	TiN	
	2768.7	300.0	 3.0	13	TiN	
	2771.7	300.0	 3.0	13	TiN	
	2774.7	300.0	 3.0	13	TiN	
	2777.7	300.0	 3.0	13	TiN	
	2780.7	300.0	 3.0	13	TiN	
	2783.7	300.0	 3.0	13	TiN	
	2786.7	 0.0	 0.0	13	TiN	
	2789.7	 0.0	 0.0	13	TiN	
	2792.7	 0.0	 0.0	12	TiN	
	2795.7	 0.0	 0.0	12	TiN	
	2798.7	300.0	 0.0	12	TiN	
	2801.7	300.0	 0.0	12	TiN	
	2804.7	300.0	 0.0	12	TiN	
	2807.7	300.0	 0.0	12	TiN	
	2810.7	300.0	 0.0	12	TiN	
	2813.7	300.0	 0.0	12	TiN	
	2816.7	300.0	 0.0	12	TiN	
	2819.7	 0.0	 0.0	12	TiN	
	2822.7	 0.0	 0.0	11	TiN	
	2825.7	 0.0	 0.0	11	TiN	
	2828.7	 0.0	 0.0	11	TiN	
	2831.7	300.0	 4.0	11	TiN	
	2834.7	300.0	 3.0	11	TiN	
	2837.7	300.0	 3.0	11	TiN	
	2840.7	300.0	 3.0	11	TiN	
	2843.7	300.0	 3.0	11	TiN	
	2846.7	300.0	 3.0	11	TiN	
	2849.7	 0.0	 0.0	11	TiN	
	2852.7	 0.0	 0.0	11	TiN	
	2855.7	 0.0	 0.0	10	TiN	
	2858.7	 0.0	 0.0	10	TiN	
	2861.7	300.0	 4.0	10	TiN	
	2864.7	300.0	 3.0	10	TiN	
	2867.7	300.0	 3.0	10	TiN	
	2870.7	300.0	 3.0	10	TiN	
	2873.7	300.0	 3.0	10	TiN	
	2876.7	300.0	 3.0	10	TiN	
	2879.7	300.0	 3.0	10	TiN	
	2882.7	 0.0	 0.0	10	TiN	
	2885.7	 0.0	 0.0	9	TiN	
	2888.7	 0.0	 0.0	9	TiN	
	2891.7	 0.0	 0.0	9	TiN	
	2894.7	300.0	 3.0	9	TiN	
	2897.7	300.0	 3.0	9	TiN	
	2900.7	300.0	 3.0	9	TiN	
	2903.7	300.0	 3.0	9	TiN	
	2906.7	300.0	 3.0	9	TiN	
	2909.7	300.0	 3.0	9	TiN	
	2912.7	 0.0	 0.0	9	TiN	
	2915.7	 0.0	 0.0	9	TiN	
	2918.7	 0.0	 0.0	8	TiN	
	2921.7	 0.0	 0.0	8	TiN	
	2924.7	312.0	 0.0	8	TiN	
	2927.7	300.0	 0.0	8	TiN	
	2930.7	300.0	 0.0	8	TiN	
	2933.7	300.0	 0.0	8	TiN	
	2936.7	300.0	 0.0	8	TiN	
	2939.7	300.0	 0.0	8	TiN	
	2942.7	300.0	 0.0	8	TiN	
	2945.7	 0.0	 0.0	8	TiN	
	2948.7	 0.0	 0.0	8	TiN	
	2951.7	 0.0	 0.0	7	TiN	
	2954.7	 0.0	 0.0	7	TiN	
	2957.7	300.0	 7.0	7	TiN	
	2960.7	300.0	 3.0	7	TiN	
	2963.7	300.0	 3.0	7	TiN	
	2966.7	300.0	 3.0	7	TiN	
	2969.7	300.0	 3.0	7	TiN	
	2972.7	300.0	 3.0	7	TiN	
	2975.7	300.0	 3.0	7	TiN	
	2978.7	 0.0	 0.0	7	TiN	
	2981.7	 0.0	 0.0	6	TiN	
	2984.7	 0.0	 0.0	6	TiN	
	2987.7	 0.0	 0.0	6	TiN	
	2990.7	300.0	 3.0	6	TiN	
	2993.7	300.0	 3.0	6	TiN	
	2996.7	300.0	 3.0	6	TiN	
	2999.7	300.0	 3.0	6	TiN	
	3002.7	300.0	 3.0	6	TiN	
	3005.7	300.0	 3.0	6	TiN	
	3008.7	 0.0	 0.0	6	TiN	
	3011.7	 0.0	 0.0	6	TiN	
	3014.7	 0.0	 0.0	5	TiN	
	3017.7	 0.0	 0.0	5	TiN	
	3020.7	300.0	 6.0	5	TiN	
	3023.7	300.0	 0.0	5	TiN	
	3026.7	300.0	 0.0	5	TiN	
	3029.7	300.0	 0.0	5	TiN	
	3032.7	300.0	 0.0	5	TiN	
	3035.7	300.0	 0.0	5	TiN	
	3038.7	300.0	 0.0	5	TiN	
	3041.7	 0.0	 0.0	5	TiN	
	3044.7	 0.0	 0.0	4	TiN	
	3047.7	 0.0	 0.0	4	TiN	
	3050.7	 0.0	 0.0	4	TiN	
	3053.7	300.0	 4.0	4	TiN	
	3056.7	300.0	 3.0	4	TiN	
	3059.7	300.0	 3.0	4	TiN	
	3062.7	300.0	 3.0	4	TiN	
	3065.7	300.0	 3.0	4	TiN	
	3068.7	300.0	 3.0	4	TiN	
	3071.7	 0.0	 0.0	4	TiN	
	3074.7	 0.0	 0.0	4	TiN	
	3077.7	 0.0	 0.0	3	TiN	
	3080.7	 0.0	 0.0	3	TiN	
	3083.7	265.0	 3.0	3	TiN	
	3086.7	300.0	 3.0	3	TiN	
	3089.7	300.0	 3.0	3	TiN	
	3092.7	300.0	 3.0	3	TiN	
	3095.7	300.0	 3.0	3	TiN	
	3098.7	300.0	 3.0	3	TiN	
	3101.7	300.0	 3.0	3	TiN	
	3104.7	 0.0	 0.0	3	TiN	
	3107.7	 0.0	 0.0	3	TiN	
	3110.7	 0.0	 0.0	2	TiN	
	3113.7	 0.0	 0.0	2	TiN	
	3116.7	300.0	 5.0	2	TiN	
	3119.7	300.0	 3.0	2	TiN	
	3122.7	300.0	 3.0	2	TiN	
	3125.7	300.0	 3.0	2	TiN	
	3128.7	300.0	 3.0	2	TiN	
	3131.7	300.0	 3.0	2	TiN	
	3134.7	300.0	 3.0	2	TiN	
	3137.7	 0.0	 0.0	2	TiN	
	3140.7	 0.0	 0.0	1	TiN	
	3143.7	 0.0	 0.0	1	TiN	
	3146.7	202.0	 0.0	1	TiN	
	3149.7	300.0	 0.0	1	TiN	
	3152.7	300.0	 0.0	1	TiN	
	3155.7	300.0	 0.0	1	TiN	
	3158.7	300.0	 0.0	1	TiN	
	3161.7	300.0	 0.0	1	TiN	
	3164.7	300.0	 0.0	1	TiN	
	3167.7	 0.0	 0.0	1	TiN	
	3170.7	 0.0	 0.0	1	TiN	
